     Temps  Consigne  Position  Commande   Courant  Vit. Axe    Moteur
        ms    degrés    degrés     Volts        mA     rad/s     rad/s
         0      30.8      32.1                      0.00         2
        10      80.8      32.1                      0.00        49
        20      80.8      32.1                      0.47        90
        32      80.8      33.2                      0.55       123
        42      80.8      34.3                      0.93       170
        54      80.8      35.1                      1.14       184
        65      80.8      36.5                      1.35       198
        76      80.8      37.9                      1.50       223
        87      80.8      39.2                      1.70       237
        98      80.8      40.6                      1.84       240
       109      80.8      42.1                      1.89       250
       120      80.8      43.7                      2.02       261
       131      80.8      45.1                      2.10       264
       142      80.8      46.6                      2.09       267
       153      80.8      48.2                      2.15       272
       165      80.8      49.6                      2.21       277
       176      80.8      51.1                      2.18       278
       187      80.8      52.6                      2.26       278
       198      80.8      54.0                      2.22       279
       209      80.8      55.6                      2.29       281
       220      80.8      56.9                      2.28       281
       231      80.8      58.5                      2.25       280
       242      80.8      59.9                      2.28       282
       253      80.8      61.3                      2.32       283
       264      80.8      62.8                      2.27       283
       275      80.8      64.3                      2.29       285
       286      80.8      65.7                      2.29       285
       297      80.8      67.1                      2.30       286
       308      80.8      68.6                      2.22       281
       319      80.8      70.1                      2.18       272
       331      80.8      71.4                      2.07       259
       342      80.8      72.7                      2.05       241
       353      80.8      73.8                      1.89       222
       364      80.8      74.9                      1.80       205
       375      80.8      75.8                      1.68       183
       386      80.8      76.7                      1.52       167
       397      80.8      77.5                      1.45       146
       408      80.8      78.0                      1.30       131
       419      80.8      78.7                      1.13       110
       430      80.8      79.2                      1.04        93
       441      80.8      79.5                      0.92        82
       452      80.8      79.9                      0.84        68
       463      80.8      80.2                      0.69        52
       474      80.8      80.5                      0.59        40
       485      80.8      80.6                      0.46        30
       497      80.8      80.7                      0.42        21
       508      80.8      80.7                      0.32        15
       519      80.8      80.8                      0.27        11
       529      80.8      80.8                      0.21         7
       541      80.8      80.8                      0.17         4
       552      80.8      80.8                      0.14         2
       563      80.8      80.8                      0.11         2
       574      80.8      80.8                      0.13         2
       585      80.8      80.8                      0.09         2
       596      80.8      80.9                      0.04         3
       607      80.8      80.9                      0.04         3
       618      80.8      80.8                      0.03         3
       629      80.8      80.8                      0.03         3
       640      80.8      80.8                      0.02         3
       651      80.8      80.8                      0.02         3
       662      80.8      80.8                      0.01         3
       674      80.8      80.8                      0.01         3
       685      80.8      80.8                      0.01         3
       696      80.8      80.8                      0.01         3
       707      80.8      80.8                      0.01         3
       718      80.8      80.8                      0.00         3
       728      80.8      80.8                      0.00         3
       740      80.8      80.8                      0.00         3
       751      80.8      80.8                      0.00         3
       762      80.8      80.8                      0.00         3
       773      80.8      80.8                      0.00         3
       784      80.8      80.8                      0.00         3
       795      80.8      80.8                      0.00         3
       806      80.8      80.8                      0.00         3
       817      80.8      80.8                      0.00         3
       828      80.8      80.8                      0.00         3
       839      80.8      80.8                      0.00         3
       850      80.8      80.8                      0.00         3
       861      80.8      80.8                      0.00         3
       873      80.8      80.8                      0.00         3
       884      80.8      80.8                      0.00         3
       895      80.8      80.8                      0.00         3
       906      80.8      80.8                      0.00         3
       917      80.8      80.8                      0.00         3
       928      80.8      80.8                      0.00         3
       939      80.8      80.8                      0.00         3
       950      80.8      80.8                      0.00         3
       961      80.8      80.8                      0.00         3
       972      80.8      80.8                      0.00         3
       983      80.8      80.8                      0.00         3
       994      80.8      80.8                      0.00         3
      1005      80.8      80.8                      0.00         3
      1016      80.8      80.8                      0.00         2
      1027      80.8      80.8                      0.00         3
      1038      80.8      80.8                      0.00         3
      1049      80.8      80.8                      0.00         3
      1060      80.8      80.8                      0.00         3
      1072      80.8      80.8                      0.00         3
      1083      80.8      80.8                      0.04         3
      1094      80.8      80.8                     -0.02         3
      1105      80.8      80.9                      0.00         3
      1116      80.8      80.8                      0.03         3
      1127      80.8      80.8                     -0.02         3
      1138      80.8      80.9                     -0.00         3
      1149      80.8      80.8                     -0.01         3
      1160      80.8      80.8                     -0.00         2
      1171      80.8      80.8                     -0.00         3
      1182      80.8      80.8                     -0.00         3
      1193      80.8      80.8                     -0.00         2
      1204      80.8      80.8                     -0.00         3
      1215      80.8      80.8                     -0.00         3
      1226      80.8      80.8                     -0.00         2
      1238      80.8      80.8                     -0.00         3
      1249      80.8      80.8                      0.00         3
      1260      80.8      80.8                      0.00         3
      1271      80.8      80.8                      0.00         3
      1282      80.8      80.8                      0.00         3
      1293      80.8      80.8                      0.00         2
      1304      80.8      80.8                      0.00         3
      1315      80.8      80.8                      0.00         3
      1326      80.8      80.8                      0.00         3
      1337      80.8      80.8                      0.00         2
      1348      80.8      80.8                      0.00         3
      1359      80.8      80.8                      0.00         3
      1370      80.8      80.8                      0.00         3
      1381      80.8      80.8                      0.00         3
      1392      80.8      80.8                      0.00         3
      1404      80.8      80.8                      0.00         4
      1415      80.8      80.8                      0.00         3
      1426      80.8      80.8                      0.00         3
      1437      80.8      80.8                      0.00         3
      1448      80.8      80.8                      0.00         3
      1459      80.8      80.8                      0.00         3
      1470      80.8      80.8                      0.00         3
      1481      80.8      80.8                      0.00         3
      1492      80.8      80.8                      0.00         3
      1503      80.8      80.8                      0.00         3
      1514      80.8      80.8                      0.00         3
      1525      80.8      80.8                      0.00         3
      1536      80.8      80.8                      0.00         3
      1547      80.8      80.8                      0.00         3
      1558      80.8      80.8                      0.00         3
      1570      80.8      80.8                      0.00         3
      1581      80.8      80.8                      0.00         3
      1592      80.8      80.8                      0.00         3
      1603      80.8      80.8                      0.00         3
      1614      80.8      80.8                      0.00         3
      1625      80.8      80.8                      0.00         3
      1636      80.8      80.8                      0.00         3
      1647      80.8      80.8                      0.00         3
      1658      80.8      80.8                      0.00         3
      1669      80.8      80.8                      0.00         3
      1680      80.8      80.8                      0.00         3
      1691      80.8      80.8                      0.00         3
      1702      80.8      80.8                      0.00         3
      1713      80.8      80.8                      0.00         3
      1724      80.8      80.8                      0.00         3
      1735      80.8      80.8                      0.00         3
      1746      80.8      80.8                      0.00         3
      1757      80.8      80.8                      0.00         2
      1768      80.8      80.8                      0.00         3
      1779      80.8      80.8                      0.00         2
      1790      80.8      80.8                      0.00         3
      1802      80.8      80.8                      0.00         3
      1813      80.8      80.8                      0.00         3
      1824      80.8      80.8                      0.00         3
      1834      80.8      80.8                      0.00         3
      1846      80.8      80.8                      0.00         3
      1857      80.8      80.8                      0.00         3
      1868      80.8      80.8                      0.00         3
      1879      80.8      80.8                      0.00         3
      1890      80.8      80.8                      0.00         3
      1901      80.8      80.8                      0.04         3
      1912      80.8      80.8                     -0.02         3
      1923      80.8      80.9                      0.00         3
      1934      80.8      80.8                     -0.00         3
      1945      80.8      80.8                     -0.00         3
      1956      80.8      80.8                     -0.00         3
      1967      80.8      80.8                     -0.00         3
      1978      80.8      80.8                      0.00         3
      1989      80.8      80.8                      0.00         3
