     Temps  Consigne  Position  Commande   Courant  Vit. Axe    Moteur
        ms    degrés    degrés     Volts        mA     rad/s     rad/s
         0      40.0      39.9                                
        10      40.3      39.9                                
        20      40.9      39.9                                
        30      41.4      40.0                                
        40      41.7      40.1                                
        50      42.0      40.5                                
        60      41.9      40.8                                
        70      41.7      41.1                                
        80      41.4      41.5                                
        90      40.8      41.8                                
       100      40.2      42.0                                
       110      39.6      42.0                                
       120      39.0      41.7                                
       131      38.4      41.2                                
       142      38.1      40.5                                
       152      38.0      39.7                                
       162      38.0      39.1                                
       172      38.3      38.0                                
       182      38.8      37.5                                
       192      39.2      37.2                                
       202      39.9      37.3                                
       213      40.0      37.8                                
       224      40.7      38.3                                
       235      41.3      39.0                                
       246      41.7      39.8                                
       257      41.9      40.6                                
       268      41.9      41.4                                
       279      41.7      42.0                                
       290      41.3      42.5                                
       301      40.7      42.8                                
       312      40.0      42.8                                
       323      39.3      42.4                                
       334      38.7      41.9                                
       344      38.3      41.4                                
       354      38.1      40.6                                
       364      38.0      39.6                                
       374      38.1      38.4                                
       384      38.4      37.8                                
       394      38.8      37.2                                
       404      39.4      37.0                                
       414      40.0      37.1                                
       425      40.7      37.7                                
       436      41.3      38.2                                
       447      41.7      39.2                                
       458      41.9      40.2                                
       469      41.9      41.0                                
       480      41.7      41.8                                
       492      41.3      42.5                                
       503      40.7      42.9                                
       514      40.0      42.9                                
       525      39.3      42.6                                
       536      38.7      41.9                                
       547      38.3      41.1                                
       558      38.0      40.0                                
       569      38.0      39.0                                
       580      38.2      38.1                                
       591      38.7      37.4                                
       602      39.3      37.0                                
       613      39.9      37.1                                
       624      40.0      37.5                                
       635      40.7      38.1                                
       647      41.3      38.8                                
       658      41.7      39.6                                
       669      41.9      40.3                                
       679      42.0      41.2                                
       689      41.8      41.9                                
       700      41.4      42.6                                
       711      40.8      42.9                                
       722      40.1      42.9                                
       732      39.6      42.7                                
       742      39.1      42.3                                
       752      38.5      41.5                                
       762      38.1      40.7                                
       772      38.0      39.7                                
       782      38.0      38.7                                
       792      38.2      37.9                                
       802      38.7      37.4                                
       812      39.1      37.0                                
       822      39.7      37.0                                
       832      40.2      37.4                                
       842      40.8      37.9                                
       852      41.3      38.3                                
       862      41.6      39.1                                
       872      41.9      40.3                                
       882      42.0      41.0                                
       892      41.8      41.8                                
       902      41.5      42.5                                
       912      40.9      43.0                                
       923      40.3      43.1                                
       934      39.6      42.8                                
       945      39.0      42.1                                
       956      38.4      41.5                                
       967      38.1      40.4                                
       978      38.0      39.3                                
       990      38.1      38.4                                
      1000      38.4      37.8                                
      1010      38.9      37.1                                
      1020      39.5      37.0                                
      1031      40.0      37.2                                
      1043      40.7      37.8                                
      1054      41.3      38.3                                
      1065      41.7      39.3                                
      1076      41.9      40.2                                
      1087      41.9      41.2                                
      1098      41.7      41.9                                
      1109      41.3      42.6                                
      1120      40.7      43.0                                
      1131      40.0      43.0                                
      1142      39.3      42.6                                
      1153      38.7      42.1                                
      1163      38.3      41.5                                
      1173      38.1      40.6                                
      1183      38.0      39.7                                
      1193      38.1      38.4                                
      1203      38.4      37.8                                
      1213      38.9      37.1                                
      1224      39.5      36.9                                
      1235      40.0      37.1                                
      1245      40.5      37.4                                
      1255      41.0      38.1                                
      1265      41.6      39.0                                
      1275      41.9      39.7                                
      1285      42.0      40.5                                
      1295      41.9      41.2                                
      1305      41.6      42.0                                
      1315      41.3      42.7                                
      1325      40.7      43.0                                
      1335      40.0      42.9                                
      1346      39.3      42.6                                
      1357      38.7      41.9                                
      1368      38.3      41.3                                
      1378      38.1      40.5                                
      1388      38.0      39.5                                
      1398      38.1      38.1                                
      1408      38.5      37.7                                
      1418      38.9      37.1                                
      1428      39.5      36.9                                
      1439      40.0      37.2                                
      1450      40.7      37.8                                
      1461      41.3      38.3                                
      1472      41.7      39.1                                
      1482      41.9      39.8                                
      1492      42.0      40.6                                
      1502      41.8      41.7                                
      1512      41.5      42.3                                
      1522      41.1      42.7                                
      1532      40.6      43.0                                
      1542      39.9      42.9                                
      1552      39.2      42.6                                
      1562      38.7      42.0                                
      1572      38.3      41.4                                
      1582      38.1      40.1                                
      1592      38.0      39.3                                
      1602      38.1      38.3                                
      1612      38.4      37.6                                
      1622      38.9      37.0                                
      1632      39.5      36.9                                
      1642      40.0      37.2                                
      1653      40.7      37.7                                
      1664      41.3      38.3                                
      1675      41.7      39.3                                
      1686      41.9      40.1                                
      1696      42.0      40.8                                
      1706      41.8      41.6                                
      1716      41.6      42.2                                
      1726      41.0      42.8                                
      1736      40.4      43.0                                
      1746      39.7      42.8                                
      1757      39.1      42.2                                
      1768      38.5      41.6                                
      1779      38.1      40.6                                
      1791      38.0      39.5                                
      1802      38.1      38.4                                
      1813      38.4      37.8                                
      1824      38.9      37.2                                
      1835      39.5      37.0                                
      1846      40.0      37.1                                
      1856      40.5      37.6                                
      1866      41.0      38.0                                
      1876      41.6      39.0                                
      1886      41.9      39.7                                
      1896      42.0      40.6                                
      1906      41.9      41.3                                
      1916      41.6      42.2                                
      1926      41.2      42.7                                
      1936      40.7      43.1                                
      1946      40.0      43.0                                
      1956      39.3      42.6                                
      1967      38.7      41.8                                
      1979      38.3      40.9                                
      1990      38.0      40.1                                
      2000      38.0      39.0                                
