     Temps  Consigne  Position  Commande   Courant  Vit. Axe    Moteur
        ms    degrés    degrés     Volts        mA     rad/s     rad/s
         0      39.7      39.6                                
        10      40.1      39.6                                
        20      40.4      39.6                                
        30      40.6      39.6                                
        40      40.9      39.7                                
        51      41.1      40.0                                
        62      41.3      40.3                                
        73      41.5      40.6                                
        84      41.7      40.8                                
        94      41.8      41.0                                
       104      41.9      41.2                                
       114      41.9      41.5                                
       124      42.0      41.7                                
       134      42.0      41.9                                
       144      41.9      42.1                                
       155      41.9      42.1                                
       166      41.7      42.2                                
       177      41.6      42.2                                
       187      41.5      42.2                                
       197      41.3      42.1                                
       207      41.1      42.1                                
       217      40.9      41.8                                
       227      40.7      41.7                                
       237      40.4      41.4                                
       248      40.1      41.2                                
       258      39.9      40.9                                
       268      39.7      40.6                                
       278      39.4      40.4                                
       288      39.1      40.1                                
       298      39.0      39.9                                
       308      38.8      39.6                                
       318      38.5      39.2                                
       328      38.4      39.0                                
       339      38.2      38.7                                
       350      38.1      38.4                                
       361      38.0      38.3                                
       372      38.0      38.2                                
       383      38.0      38.1                                
       394      38.0      38.1                                
       405      38.1      38.1                                
       416      38.2      38.1                                
       427      38.4      38.1                                
       438      38.5      38.1                                
       449      38.7      38.1                                
       461      39.0      38.1                                
       472      39.2      38.1                                
       482      39.4      38.2                                
       492      39.6      38.4                                
       502      39.9      38.8                                
       512      40.0      39.0                                
       522      40.2      39.2                                
       532      40.4      39.5                                
       542      40.7      39.8                                
       552      40.9      40.1                                
       562      41.2      40.4                                
       573      41.4      40.6                                
       584      41.6      40.8                                
       595      41.7      41.0                                
       606      41.8      41.2                                
       618      41.9      41.4                                
       629      42.0      41.6                                
       640      42.0      41.7                                
       651      41.9      41.8                                
       662      41.9      41.9                                
       673      41.8      42.0                                
       684      41.6      42.0                                
       695      41.5      42.0                                
       706      41.3      42.0                                
       717      41.0      42.0                                
       728      40.8      41.8                                
       739      40.5      41.7                                
       750      40.3      41.4                                
       762      40.0      41.0                                
       773      39.7      40.7                                
       784      39.4      40.4                                
       795      39.2      40.2                                
       806      38.9      39.8                                
       817      38.7      39.5                                
       828      38.5      39.3                                
       839      38.3      38.9                                
       850      38.2      38.7                                
       861      38.1      38.4                                
       872      38.0      38.3                                
       883      38.0      38.2                                
       894      38.0      38.1                                
       904      38.0      38.2                                
       914      38.1      38.1                                
       924      38.2      38.1                                
       934      38.3      38.1                                
       944      38.5      38.1                                
       954      38.6      38.1                                
       964      38.9      38.1                                
       974      39.1      38.1                                
       985      39.3      38.2                                
       995      39.6      38.3                                
      1005      39.8      38.5                                
      1015      40.0      38.9                                
      1025      40.3      39.1                                
      1035      40.5      39.4                                
      1045      40.8      39.8                                
      1056      41.0      40.2                                
      1067      41.3      40.5                                
      1078      41.5      40.8                                
      1089      41.6      41.0                                
      1100      41.8      41.2                                
      1111      41.9      41.4                                
      1121      41.9      41.5                                
      1131      42.0      41.6                                
      1141      42.0      41.7                                
      1151      42.0      41.8                                
      1161      41.9      41.9                                
      1171      41.8      42.0                                
      1181      41.7      42.0                                
      1191      41.5      42.0                                
      1202      41.3      42.0                                
      1212      41.2      42.0                                
      1222      41.0      41.9                                
      1232      40.7      41.7                                
      1242      40.5      41.6                                
      1252      40.3      41.3                                
      1262      40.0      40.9                                
      1273      39.7      40.6                                
      1284      39.4      40.4                                
      1295      39.2      40.1                                
      1306      38.9      39.9                                
      1317      38.7      39.6                                
      1328      38.5      39.3                                
      1339      38.3      39.0                                
      1350      38.2      38.7                                
      1361      38.1      38.4                                
      1372      38.0      38.3                                
      1383      38.0      38.2                                
      1395      38.0      38.1                                
      1406      38.1      38.1                                
      1417      38.1      38.1                                
      1428      38.2      38.1                                
      1439      38.4      38.1                                
      1450      38.6      38.1                                
      1461      38.8      38.1                                
      1472      39.0      38.1                                
      1483      39.3      38.1                                
      1494      39.6      38.3                                
      1505      39.8      38.6                                
      1516      40.0      38.9                                
      1527      40.3      39.3                                
      1538      40.5      39.6                                
      1549      40.8      39.8                                
      1560      41.0      40.1                                
      1572      41.3      40.5                                
      1583      41.5      40.7                                
      1594      41.6      40.9                                
      1605      41.8      41.2                                
      1616      41.9      41.4                                
      1627      41.9      41.5                                
      1637      42.0      41.7                                
      1647      42.0      41.7                                
      1658      41.9      41.8                                
      1669      41.9      41.9                                
      1680      41.7      42.1                                
      1691      41.6      42.0                                
      1702      41.4      42.0                                
      1713      41.2      42.0                                
      1724      41.0      41.9                                
      1735      40.8      41.7                                
      1746      40.5      41.6                                
      1757      40.2      41.3                                
      1768      39.9      40.9                                
      1779      39.7      40.6                                
      1790      39.4      40.4                                
      1801      39.1      40.1                                
      1813      38.9      39.8                                
      1824      38.7      39.5                                
      1834      38.5      39.3                                
      1844      38.4      39.0                                
      1854      38.2      38.7                                
      1864      38.1      38.4                                
      1875      38.0      38.2                                
      1886      38.0      38.1                                
      1897      38.0      38.1                                
      1908      38.0      38.1                                
      1919      38.1      38.1                                
      1930      38.2      38.1                                
      1941      38.4      38.1                                
      1952      38.5      38.1                                
      1963      38.8      38.1                                
      1974      39.0      38.1                                
      1985      39.2      38.1                                
      1995      39.4      38.2                                
      2005      39.7      38.4                                
      2015      39.9      38.8                                
      2025      40.0      39.0                                
      2035      40.2      39.2                                
      2045      40.4      39.6                                
      2055      40.7      39.8                                
      2065      40.9      40.2                                
      2076      41.2      40.4                                
      2087      41.4      40.6                                
      2098      41.6      40.8                                
      2109      41.7      40.9                                
      2119      41.8      41.1                                
      2129      41.9      41.3                                
      2139      42.0      41.5                                
      2149      42.0      41.7                                
      2159      42.0      41.8                                
      2169      41.9      41.8                                
      2180      41.8      42.0                                
      2191      41.7      42.0                                
      2202      41.6      42.1                                
      2213      41.4      42.1                                
      2224      41.2      42.0                                
      2235      40.9      41.9                                
      2246      40.7      41.7                                
      2257      40.4      41.6                                
      2268      40.1      41.3                                
      2279      39.9      40.9                                
      2290      39.6      40.6                                
      2301      39.3      40.3                                
      2311      39.1      40.1                                
      2321      38.9      39.9                                
      2331      38.8      39.6                                
      2341      38.5      39.3                                
      2351      38.4      39.0                                
      2361      38.2      38.7                                
      2371      38.1      38.5                                
      2381      38.1      38.3                                
      2392      38.0      38.1                                
      2403      38.0      38.1                                
      2414      38.0      38.1                                
      2425      38.1      38.1                                
      2436      38.2      38.1                                
      2447      38.3      38.1                                
      2459      38.5      38.1                                
      2470      38.7      38.1                                
      2481      38.9      38.1                                
      2492      39.2      38.2                                
      2503      39.4      38.3                                
      2514      39.7      38.5                                
      2525      40.0      38.8                                
      2536      40.3      39.1                                
      2547      40.5      39.3                                
      2558      40.8      39.7                                
      2569      41.0      40.0                                
      2580      41.3      40.5                                
      2591      41.5      40.8                                
      2602      41.6      41.0                                
      2613      41.8      41.2                                
      2624      41.9      41.4                                
      2635      41.9      41.6                                
      2647      42.0      41.7                                
      2658      42.0      41.8                                
      2669      41.9      41.9                                
      2680      41.8      42.0                                
      2691      41.7      42.0                                
      2702      41.6      42.1                                
      2713      41.4      42.0                                
      2724      41.2      42.0                                
      2735      40.9      41.9                                
      2746      40.7      41.7                                
      2757      40.4      41.6                                
      2768      40.1      41.2                                
      2779      39.9      40.9                                
      2790      39.6      40.6                                
      2801      39.3      40.3                                
      2813      39.1      40.0                                
      2824      38.8      39.7                                
      2835      38.6      39.4                                
      2846      38.4      39.1                                
      2857      38.3      38.8                                
      2868      38.1      38.5                                
      2879      38.1      38.4                                
      2890      38.0      38.2                                
      2901      38.0      38.1                                
      2912      38.0      38.1                                
      2923      38.1      38.1                                
      2934      38.2      38.1                                
      2945      38.3      38.1                                
      2956      38.5      38.1                                
      2967      38.7      38.1                                
      2978      38.9      38.1                                
      2990      39.1      38.1                                
      3001      39.4      38.2                                
      3012      39.7      38.4                                
      3023      39.9      38.7                                
      3034      40.0      39.0                                
      3045      40.3      39.3                                
      3056      40.5      39.6                                
      3067      40.8      39.9                                
      3078      41.0      40.1                                
      3088      41.2      40.4                                
      3098      41.4      40.6                                
      3108      41.6      40.8                                
      3118      41.7      41.0                                
      3128      41.8      41.2                                
      3138      41.9      41.5                                
      3148      42.0      41.7                                
      3158      42.0      41.7                                
      3168      42.0      41.8                                
      3178      41.9      41.9                                
      3189      41.8      42.0                                
      3200      41.7      42.0                                
      3210      41.6      42.0                                
      3220      41.5      42.1                                
      3230      41.3      42.1                                
      3240      41.1      42.0                                
      3250      40.9      41.8                                
      3260      40.6      41.7                                
      3270      40.4      41.5                                
      3280      40.1      41.1                                
      3290      39.8      40.8                                
      3301      39.5      40.6                                
      3313      39.3      40.3                                
      3324      39.0      40.0                                
      3335      38.8      39.7                                
      3346      38.6      39.3                                
      3357      38.4      39.1                                
      3368      38.2      38.8                                
      3379      38.1      38.6                                
      3390      38.1      38.3                                
      3401      38.0      38.2                                
      3412      38.0      38.1                                
      3423      38.0      38.1                                
      3434      38.1      38.1                                
      3445      38.2      38.1                                
      3456      38.3      38.1                                
      3467      38.5      38.1                                
      3478      38.7      38.1                                
      3489      38.9      38.1                                
      3501      39.2      38.1                                
      3512      39.4      38.3                                
      3523      39.7      38.5                                
      3534      40.0      38.8                                
      3545      40.0      39.1                                
      3556      40.3      39.3                                
      3567      40.5      39.6                                
      3578      40.8      39.9                                
      3589      41.0      40.2                                
      3600      41.3      40.5                                
      3611      41.5      40.7                                
      3622      41.6      40.9                                
      3633      41.8      41.1                                
      3644      41.9      41.3                                
      3655      41.9      41.6                                
      3666      42.0      41.7                                
      3677      42.0      41.7                                
      3689      41.9      41.8                                
      3699      41.9      41.9                                
      3709      41.8      42.1                                
      3719      41.6      42.0                                
      3729      41.5      42.0                                
      3739      41.3      42.0                                
      3751      41.0      41.9                                
      3762      40.8      41.8                                
      3773      40.5      41.7                                
      3784      40.3      41.3                                
      3795      40.0      41.0                                
      3806      39.7      40.7                                
      3817      39.4      40.5                                
      3828      39.2      40.2                                
      3839      38.9      39.8                                
      3850      38.7      39.5                                
      3861      38.5      39.3                                
      3872      38.3      38.9                                
      3883      38.2      38.7                                
      3895      38.1      38.4                                
      3906      38.0      38.3                                
      3917      38.0      38.1                                
      3928      38.0      38.1                                
      3939      38.1      38.1                                
      3950      38.1      38.1                                
      3961      38.2      38.1                                
      3972      38.4      38.1                                
      3983      38.6      38.1                                
      3994      38.8      38.1                                
      4005      39.0      38.1                                
      4016      39.3      38.2                                
      4027      39.6      38.3                                
      4038      39.8      38.7                                
      4050      40.0      38.9                                
      4061      40.3      39.2                                
      4072      40.5      39.5                                
      4083      40.8      39.7                                
      4094      41.0      40.1                                
      4105      41.3      40.4                                
      4116      41.5      40.7                                
      4127      41.6      40.9                                
      4138      41.8      41.2                                
      4149      41.9      41.4                                
      4160      41.9      41.5                                
      4171      42.0      41.7                                
      4182      42.0      41.8                                
      4192      41.9      41.8                                
      4202      41.9      41.9                                
      4212      41.8      42.0                                
      4222      41.7      42.1                                
      4232      41.5      42.0                                
      4242      41.3      42.0                                
      4252      41.1      42.0                                
      4262      40.9      41.9                                
      4273      40.6      41.7                                
      4284      40.4      41.6                                
      4295      40.1      41.2                                
      4306      39.8      40.8                                
      4317      39.5      40.5                                
      4328      39.3      40.2                                
      4339      39.0      39.9                                
      4349      38.8      39.7                                
      4359      38.7      39.5                                
      4369      38.5      39.2                                
      4379      38.3      38.9                                
      4389      38.2      38.6                                
      4399      38.1      38.5                                
      4409      38.1      38.3                                
      4419      38.0      38.2                                
      4429      38.0      38.1                                
      4439      38.0      38.1                                
      4449      38.1      38.1                                
      4459      38.1      38.1                                
      4469      38.3      38.0                                
      4479      38.4      38.1                                
      4490      38.6      38.1                                
      4500      38.8      38.1                                
      4510      39.0      38.1                                
      4520      39.2      38.2                                
      4530      39.5      38.4                                
      4541      39.8      38.8                                
      4552      40.0      39.0                                
      4563      40.3      39.2                                
      4574      40.5      39.5                                
      4585      40.8      39.8                                
      4596      41.0      40.1                                
      4607      41.3      40.4                                
      4618      41.5      40.7                                
      4629      41.6      40.9                                
      4640      41.8      41.1                                
      4652      41.9      41.4                                
      4663      41.9      41.6                                
      4674      42.0      41.7                                
      4685      42.0      41.8                                
      4695      41.9      41.8                                
      4705      41.9      41.9                                
      4715      41.8      42.0                                
      4725      41.6      42.0                                
      4736      41.5      42.0                                
      4747      41.3      42.0                                
      4758      41.0      42.0                                
      4769      40.8      41.8                                
      4780      40.5      41.7                                
      4791      40.3      41.4                                
      4802      40.0      41.0                                
      4813      39.7      40.7                                
      4824      39.4      40.4                                
      4835      39.2      40.1                                
      4846      38.9      39.8                                
      4857      38.7      39.5                                
      4868      38.5      39.2                                
      4879      38.3      39.0                                
      4889      38.2      38.8                                
      4899      38.1      38.6                                
      4909      38.1      38.4                                
      4919      38.0      38.2                                
      4929      38.0      38.1                                
      4939      38.0      38.1                                
      4950      38.1      38.1                                
      4960      38.1      38.1                                
      4970      38.2      38.1                                
      4980      38.4      38.1                                
      4990      38.6      38.1                                
      5000      38.8      38.1                                
