     Temps  Consigne  Position  Commande   Courant  Vit. Axe    Moteur
        ms    degrés    degrés     Volts        mA     rad/s     rad/s
         0      38.3      38.2                                
        10      40.0      38.2                                
        20      40.3      38.3                                
        30      40.7      38.7                                
        40      41.0      39.3                                
        50      41.3      39.7                                
        60      41.5      40.3                                
        71      41.7      40.9                                
        82      41.8      41.4                                
        93      41.9      41.7                                
       104      42.0      42.0                                
       116      41.9      42.2                                
       126      41.9      42.4                                
       136      41.8      42.5                                
       146      41.6      42.5                                
       156      41.4      42.5                                
       166      41.2      42.4                                
       176      40.9      42.2                                
       186      40.7      41.9                                
       196      40.4      41.6                                
       206      40.0      41.2                                
       216      39.7      40.8                                
       226      39.3      40.4                                
       237      39.0      40.0                                
       248      38.7      39.6                                
       259      38.5      39.4                                
       270      38.3      39.1                                
       280      38.1      38.8                                
       290      38.1      38.5                                
       300      38.0      38.2                                
       310      38.0      38.1                                
       321      38.1      38.1                                
       333      38.2      38.0                                
       344      38.3      38.0                                
       355      38.6      37.9                                
       366      38.8      37.9                                
       376      39.1      38.0                                
       386      39.3      38.1                                
       396      39.7      38.3                                
       406      40.0      38.7                                
       417      40.3      39.2                                
       428      40.7      39.4                                
       439      41.0      39.8                                
       450      41.3      40.3                                
       461      41.5      40.6                                
       472      41.7      40.9                                
       483      41.8      41.2                                
       494      41.9      41.5                                
       505      42.0      41.7                                
       516      41.9      41.8                                
       527      41.9      42.0                                
       538      41.7      42.1                                
       549      41.5      42.2                                
       560      41.3      42.2                                
       572      41.0      42.2                                
       583      40.7      42.0                                
       594      40.4      41.7                                
       605      40.0      41.4                                
       616      39.7      40.9                                
       627      39.3      40.5                                
       638      39.0      40.0                                
       649      38.7      39.6                                
       660      38.5      39.3                                
       670      38.3      39.1                                
       680      38.2      38.7                                
       690      38.1      38.5                                
       700      38.0      38.2                                
       710      38.0      38.1                                
       720      38.0      38.0                                
       730      38.1      38.0                                
       740      38.3      37.9                                
       751      38.5      37.9                                
       762      38.7      38.0                                
       773      39.0      38.0                                
       784      39.3      38.1                                
       795      39.7      38.3                                
       805      39.9      38.5                                
       815      40.0      39.0                                
       826      40.3      39.3                                
       837      40.7      39.7                                
       848      41.0      40.0                                
       859      41.3      40.4                                
       869      41.5      40.6                                
       879      41.7      40.9                                
       890      41.8      41.1                                
       901      41.9      41.4                                
       912      42.0      41.6                                
       923      42.0      41.8                                
       934      41.9      41.9                                
       945      41.7      42.0                                
       957      41.6      42.0                                
       968      41.3      42.1                                
       978      41.1      42.1                                
       988      40.9      42.1                                
       998      40.5      41.8                                
      1008      40.2      41.5                                
      1018      39.9      41.1                                
      1029      39.5      40.7                                
      1041      39.2      40.3                                
      1052      38.9      39.9                                
      1063      38.6      39.5                                
      1074      38.4      39.2                                
      1085      38.2      38.9                                
      1096      38.1      38.5                                
      1106      38.0      38.3                                
      1116      38.0      38.1                                
      1127      38.0      38.1                                
      1138      38.1      38.0                                
      1149      38.3      38.0                                
      1160      38.5      38.0                                
      1171      38.7      37.9                                
      1182      39.0      38.0                                
      1193      39.3      38.1                                
      1204      39.7      38.3                                
      1215      40.0      38.7                                
      1226      40.3      39.0                                
      1236      40.6      39.2                                
      1246      40.8      39.5                                
      1256      41.1      39.8                                
      1266      41.4      40.5                                
      1276      41.6      40.8                                
      1286      41.7      41.1                                
      1296      41.8      41.4                                
      1306      41.9      41.6                                
      1316      42.0      41.8                                
      1326      42.0      42.1                                
      1336      41.9      42.2                                
      1346      41.7      42.3                                
      1357      41.6      42.3                                
      1368      41.3      42.3                                
      1379      41.1      42.2                                
      1390      40.8      42.0                                
      1400      40.5      41.8                                
      1410      40.2      41.7                                
      1420      39.9      41.2                                
      1430      39.6      40.7                                
      1440      39.3      40.3                                
      1450      39.0      39.8                                
      1461      38.7      39.6                                
      1472      38.4      39.2                                
      1483      38.2      38.8                                
      1494      38.1      38.5                                
      1505      38.0      38.3                                
      1516      38.0      38.2                                
      1527      38.0      38.1                                
      1538      38.1      38.1                                
      1550      38.3      38.0                                
      1561      38.5      38.0                                
      1572      38.7      38.0                                
      1583      39.0      38.0                                
      1594      39.3      38.1                                
      1605      39.7      38.3                                
      1616      40.0      38.6                                
      1627      40.3      39.0                                
      1638      40.7      39.3                                
      1649      41.0      39.7                                
      1660      41.3      40.2                                
      1671      41.5      40.7                                
      1682      41.7      41.0                                
      1693      41.8      41.3                                
      1704      41.9      41.5                                
      1715      42.0      41.7                                
      1726      41.9      42.0                                
      1737      41.9      42.1                                
      1749      41.7      42.2                                
      1760      41.5      42.2                                
      1771      41.3      42.2                                
      1782      41.0      42.2                                
      1793      40.7      42.0                                
      1804      40.4      41.7                                
      1815      40.0      41.4                                
      1826      39.7      41.0                                
      1836      39.4      40.6                                
      1846      39.1      40.3                                
      1856      38.8      39.7                                
      1866      38.6      39.4                                
      1876      38.4      39.1                                
      1886      38.2      38.7                                
      1896      38.1      38.3                                
      1906      38.0      38.1                                
      1916      38.0      38.1                                
      1926      38.0      38.0                                
      1937      38.1      37.9                                
      1948      38.2      37.9                                
      1959      38.4      37.9                                
      1970      38.7      37.9                                
      1981      39.0      38.0                                
      1992      39.3      38.1                                
      2003      39.6      38.3                                
      2014      39.9      38.6                                
      2025      40.0      39.0                                
      2036      40.3      39.4                                
      2047      40.7      39.7                                
      2058      41.0      40.0                                
      2069      41.3      40.4                                
      2081      41.5      40.6                                
      2091      41.7      40.9                                
      2101      41.8      41.0                                
      2111      41.9      41.3                                
      2121      42.0      41.6                                
      2131      42.0      41.7                                
      2142      41.9      41.9                                
      2154      41.8      42.1                                
      2165      41.6      42.2                                
      2176      41.4      42.2                                
      2187      41.1      42.2                                
      2198      40.8      42.1                                
      2209      40.5      41.8                                
      2220      40.2      41.6                                
      2231      39.8      41.0                                
      2242      39.5      40.6                                
      2253      39.1      40.3                                
      2264      38.9      39.8                                
      2275      38.6      39.5                                
      2286      38.4      39.1                                
      2297      38.2      38.7                                
      2308      38.1      38.3                                
      2319      38.0      38.2                                
      2330      38.0      38.1                                
      2341      38.1      38.0                                
      2352      38.2      37.9                                
      2363      38.3      37.9                                
      2374      38.6      38.0                                
      2384      38.8      37.9                                
      2394      39.0      38.0                                
      2404      39.2      38.1                                
      2414      39.5      38.3                                
      2424      39.9      38.6                                
      2434      40.0      39.0                                
      2444      40.3      39.3                                
      2454      40.7      39.6                                
      2465      41.0      39.9                                
      2476      41.3      40.3                                
      2487      41.5      40.6                                
      2498      41.7      40.9                                
      2508      41.8      41.0                                
      2518      41.9      41.4                                
      2528      42.0      41.6                                
      2538      42.0      41.7                                
      2548      41.9      41.9                                
      2558      41.8      42.2                                
      2568      41.7      42.1                                
      2578      41.5      42.2                                
      2588      41.3      42.2                                
      2598      41.0      42.1                                
      2608      40.8      42.0                                
      2618      40.5      41.8                                
      2628      40.1      41.4                                
      2638      39.8      40.9                                
      2649      39.5      40.5                                
      2660      39.1      40.1                                
      2671      38.8      39.7                                
      2682      38.6      39.5                                
      2693      38.3      39.1                                
      2704      38.2      38.8                                
      2715      38.1      38.5                                
      2726      38.0      38.2                                
      2737      38.0      38.1                                
      2748      38.1      38.0                                
      2759      38.2      38.0                                
      2770      38.3      38.0                                
      2781      38.6      38.0                                
      2792      38.8      38.0                                
      2803      39.1      38.0                                
      2815      39.4      38.1                                
      2826      39.8      38.3                                
      2836      40.0      38.7                                
      2846      40.3      39.2                                
      2856      40.7      39.4                                
      2868      41.0      39.8                                
      2879      41.3      40.3                                
      2890      41.5      40.7                                
      2901      41.7      40.9                                
      2912      41.8      41.2                                
      2922      41.9      41.4                                
      2932      42.0      41.6                                
      2942      42.0      41.8                                
      2952      41.9      42.1                                
      2963      41.8      42.2                                
      2974      41.6      42.2                                
      2985      41.4      42.3                                
      2996      41.1      42.2                                
