     Temps  Consigne  Position  Commande   Courant  Vit. Axe    Moteur
        ms    degrés    degrés     Volts        mA     rad/s     rad/s
         0      41.1      40.9                                
        10      40.0      40.9                                
        20      40.2      40.9                                
        30      40.4      40.9                                
        40      40.7      40.7                                
        50      40.9      40.6                                
        60      41.1      40.6                                
        71      41.3      40.6                                
        81      41.4      40.6                                
        91      41.6      40.7                                
       102      41.7      40.8                                
       113      41.8      40.9                                
       124      41.9      41.2                                
       135      41.9      41.4                                
       146      42.0      41.6                                
       157      42.0      41.8                                
       169      42.0      41.8                                
       179      41.9      41.9                                
       189      41.9      42.1                                
       199      41.8      42.2                                
       209      41.7      42.1                                
       220      41.6      42.1                                
       231      41.4      42.1                                
       242      41.2      42.0                                
       253      41.0      41.8                                
       264      40.8      41.7                                
       275      40.6      41.6                                
       286      40.4      41.3                                
       297      40.1      40.9                                
       308      39.9      40.7                                
       319      39.7      40.5                                
       330      39.5      40.4                                
       341      39.2      40.1                                
       352      39.0      39.9                                
       364      38.8      39.6                                
       375      38.7      39.4                                
       386      38.5      39.2                                
       397      38.3      38.9                                
       408      38.2      38.7                                
       419      38.1      38.5                                
       430      38.1      38.3                                
       441      38.0      38.3                                
       452      38.0      38.2                                
       463      38.0      38.2                                
       474      38.0      38.2                                
       485      38.1      38.2                                
       496      38.2      38.3                                
       507      38.3      38.2                                
       518      38.4      38.2                                
       529      38.6      38.2                                
       540      38.7      38.2                                
       550      38.9      38.2                                
       560      39.0      38.2                                
       570      39.3      38.3                                
       580      39.5      38.4                                
       590      39.7      38.6                                
       600      39.8      38.9                                
       610      40.0      39.1                                
       620      40.2      39.3                                
       631      40.4      39.5                                
       642      40.7      39.8                                
       653      40.9      40.0                                
       664      41.1      40.3                                
       674      41.2      40.5                                
       684      41.4      40.6                                
       694      41.5      40.9                                
       704      41.7      41.0                                
       715      41.8      41.2                                
       726      41.9      41.4                                
       737      41.9      41.6                                
       748      42.0      41.7                                
       759      42.0      41.7                                
       770      42.0      41.8                                
       781      41.9      41.9                                
       792      41.9      41.9                                
       802      41.8      41.9                                
       812      41.7      42.0                                
       822      41.6      41.9                                
       832      41.4      42.0                                
       843      41.3      41.9                                
       854      41.1      41.8                                
       865      40.9      41.8                                
       876      40.7      41.6                                
       888      40.4      41.4                                
       899      40.2      41.1                                
       910      40.0      40.8                                
       921      39.7      40.6                                
       931      39.6      40.6                                
       941      39.4      40.3                                
       951      39.1      40.0                                
       961      39.0      39.7                                
       971      38.8      39.5                                
       981      38.7      39.3                                
       991      38.5      39.0                                
      1001      38.3      38.8                                
      1011      38.2      38.7                                
      1021      38.2      38.5                                
      1031      38.1      38.3                                
      1041      38.0      38.3                                
      1051      38.0      38.2                                
      1062      38.0      38.3                                
      1074      38.0      38.3                                
      1085      38.1      38.2                                
      1095      38.1      38.2                                
      1105      38.2      38.2                                
      1115      38.3      38.2                                
      1125      38.4      38.2                                
      1135      38.6      38.2                                
      1146      38.8      38.2                                
      1157      39.0      38.2                                
      1168      39.2      38.3                                
      1180      39.4      38.4                                
      1191      39.6      38.6                                
      1202      39.8      38.8                                
      1213      40.0      39.0                                
      1224      40.2      39.2                                
      1235      40.4      39.4                                
      1246      40.7      39.7                                
      1257      40.9      40.0                                
      1268      41.1      40.4                                
      1279      41.3      40.6                                
      1290      41.4      40.8                                
      1301      41.6      40.9                                
      1312      41.7      41.1                                
      1323      41.8      41.3                                
      1334      41.9      41.4                                
      1345      41.9      41.6                                
      1357      42.0      41.7                                
      1368      42.0      41.7                                
      1379      41.9      41.8                                
      1390      41.9      41.8                                
      1401      41.8      41.9                                
      1412      41.7      41.9                                
      1423      41.6      41.9                                
      1433      41.5      41.9                                
      1443      41.4      41.9                                
      1453      41.2      41.9                                
      1463      41.0      41.8                                
      1473      40.8      41.7                                
      1483      40.6      41.7                                
      1493      40.4      41.3                                
      1503      40.2      41.1                                
      1513      40.0      40.8                                
      1523      39.8      40.6                                
      1533      39.6      40.4                                
      1543      39.4      40.3                                
      1553      39.2      40.0                                
      1563      39.0      39.8                                
      1573      38.8      39.6                                
      1583      38.7      39.3                                
      1593      38.5      39.1                                
      1603      38.4      38.9                                
      1613      38.3      38.7                                
      1623      38.2      38.5                                
      1633      38.1      38.5                                
      1644      38.0      38.3                                
      1654      38.0      38.3                                
      1664      38.0      38.3                                
      1674      38.0      38.2                                
      1684      38.0      38.2                                
      1694      38.1      38.2                                
      1704      38.1      38.3                                
      1714      38.3      38.2                                
      1724      38.4      38.2                                
      1734      38.5      38.2                                
      1744      38.6      38.2                                
      1754      38.8      38.3                                
      1764      39.0      38.2                                
      1774      39.2      38.3                                
      1784      39.3      38.4                                
      1794      39.6      38.6                                
      1804      39.8      38.8                                
      1814      40.0      38.9                                
      1824      40.0      39.1                                
      1834      40.2      39.4                                
      1844      40.4      39.6                                
      1855      40.7      39.9                                
      1866      40.9      40.1                                
      1877      41.1      40.5                                
      1888      41.3      40.6                                
      1899      41.4      40.7                                
      1910      41.6      40.9                                
      1921      41.7      41.0                                
      1931      41.8      41.1                                
      1941      41.9      41.2                                
      1951      41.9      41.5                                
      1961      42.0      41.6                                
      1971      42.0      41.7                                
      1981      42.0      41.8                                
      1991      41.9      41.9                                
      2001      41.9      42.0                                
      2011      41.8      42.0                                
      2021      41.7      42.0                                
      2031      41.6      42.0                                
      2041      41.5      42.1                                
      2051      41.4      42.0                                
      2061      41.2      42.0                                
      2071      41.0      41.8                                
      2081      40.8      41.7                                
      2091      40.6      41.6                                
      2101      40.4      41.3                                
      2111      40.2      41.1                                
      2121      40.0      40.9                                
      2131      39.8      40.6                                
      2141      39.6      40.5                                
      2151      39.4      40.3                                
      2161      39.2      40.0                                
      2171      39.0      39.8                                
      2182      38.8      39.5                                
      2193      38.6      39.3                                
      2204      38.5      39.1                                
      2214      38.3      38.9                                
      2224      38.2      38.7                                
      2234      38.1      38.5                                
      2244      38.1      38.4                                
      2254      38.0      38.3                                
      2264      38.0      38.2                                
      2274      38.0      38.3                                
      2284      38.0      38.2                                
      2295      38.1      38.2                                
      2305      38.1      38.2                                
      2315      38.2      38.2                                
      2325      38.3      38.2                                
      2335      38.4      38.2                                
      2345      38.5      38.2                                
      2355      38.7      38.2                                
      2365      38.9      38.2                                
      2375      39.0      38.2                                
      2385      39.2      38.3                                
      2395      39.4      38.4                                
      2405      39.6      38.6                                
      2415      39.9      38.8                                
      2425      40.0      39.0                                
      2435      40.2      39.2                                
      2445      40.4      39.5                                
      2455      40.6      39.7                                
      2465      40.8      39.9                                
      2475      41.0      40.1                                
      2485      41.2      40.5                                
      2495      41.3      40.8                                
      2505      41.5      40.9                                
      2516      41.6      41.1                                
      2527      41.7      41.2                                
      2537      41.8      41.3                                
      2547      41.9      41.5                                
      2557      41.9      41.6                                
      2567      42.0      41.7                                
      2577      42.0      41.7                                
      2587      42.0      41.8                                
      2597      41.9      41.9                                
      2607      41.8      41.8                                
      2617      41.8      41.9                                
      2627      41.7      41.8                                
      2637      41.6      41.9                                
      2647      41.5      41.8                                
      2657      41.3      41.9                                
      2667      41.1      41.8                                
      2677      40.9      41.8                                
      2687      40.8      41.7                                
      2697      40.6      41.5                                
      2707      40.3      41.3                                
      2717      40.1      41.0                                
      2727      40.0      40.8                                
      2737      39.7      40.5                                
      2747      39.5      40.4                                
      2757      39.3      40.2                                
      2767      39.1      40.0                                
      2777      39.0      39.7                                
      2787      38.8      39.4                                
      2797      38.6      39.3                                
      2807      38.5      39.1                                
      2817      38.3      38.9                                
      2827      38.2      38.8                                
      2837      38.1      38.5                                
      2847      38.1      38.4                                
      2857      38.0      38.3                                
      2867      38.0      38.2                                
      2877      38.0      38.2                                
      2887      38.0      38.2                                
      2897      38.1      38.2                                
      2907      38.1      38.2                                
      2917      38.2      38.2                                
      2927      38.3      38.2                                
      2937      38.4      38.2                                
      2947      38.5      38.2                                
      2957      38.7      38.1                                
      2967      38.9      38.2                                
      2977      39.0      38.3                                
      2987      39.2      38.3                                
      2997      39.4      38.5                                
