     Temps  Consigne  Position  Commande   Courant  Vit. Axe    Moteur
        ms    degrés    degrés     Volts        mA     rad/s     rad/s
         0      40.1      40.3                                
        10      40.0      40.3                                
        20      40.1      40.3                                
        30      40.1      40.3                                
        40      40.2      40.3                                
        50      40.3      40.4                                
        62      40.3      40.3                                
        73      40.4      40.4                                
        84      40.5      40.3                                
        95      40.5      40.3                                
       105      40.6      40.3                                
       115      40.7      40.3                                
       125      40.7      40.3                                
       135      40.8      40.3                                
       146      40.8      40.4                                
       156      40.9      40.4                                
       166      40.9      40.4                                
       177      41.0      40.5                                
       188      41.1      40.5                                
       198      41.1      40.5                                
       208      41.2      40.6                                
       218      41.2      40.7                                
       228      41.3      40.8                                
       238      41.3      40.9                                
       248      41.4      40.9                                
       258      41.4      41.0                                
       269      41.5      41.0                                
       279      41.5      41.1                                
       289      41.5      41.2                                
       300      41.6      41.2                                
       311      41.6      41.3                                
       322      41.7      41.3                                
       333      41.7      41.4                                
       345      41.7      41.4                                
       356      41.8      41.4                                
       367      41.8      41.5                                
       378      41.8      41.5                                
       389      41.8      41.5                                
       400      41.9      41.5                                
       411      41.9      41.6                                
       422      41.9      41.6                                
       433      41.9      41.6                                
       444      41.9      41.6                                
       455      42.0      41.7                                
       466      42.0      41.7                                
       477      42.0      41.7                                
       489      42.0      41.7                                
       500      42.0      41.7                                
       511      42.0      41.7                                
       522      42.0      41.7                                
       533      42.0      41.7                                
       544      42.0      41.7                                
       555      41.9      41.7                                
       566      41.9      41.7                                
       577      41.9      41.7                                
       587      41.9      41.7                                
       597      41.9      41.7                                
       608      41.9      41.7                                
       619      41.8      41.7                                
       630      41.8      41.7                                
       641      41.8      41.7                                
       652      41.8      41.8                                
       663      41.7      41.7                                
       675      41.7      41.7                                
       686      41.7      41.7                                
       696      41.6      41.7                                
       706      41.6      41.7                                
       716      41.6      41.7                                
       726      41.5      41.7                                
       736      41.5      41.7                                
       746      41.4      41.7                                
       756      41.4      41.7                                
       766      41.3      41.7                                
       776      41.3      41.7                                
       786      41.3      41.7                                
       796      41.2      41.7                                
       806      41.2      41.6                                
       816      41.1      41.6                                
       826      41.0      41.5                                
       836      41.0      41.5                                
       846      40.9      41.4                                
       856      40.9      41.3                                
       867      40.8      41.3                                
       878      40.8      41.2                                
       889      40.7      41.2                                
       900      40.6      41.1                                
       911      40.6      41.1                                
       922      40.5      41.0                                
       933      40.4      41.0                                
       945      40.4      40.9                                
       956      40.3      40.9                                
       967      40.2      40.8                                
       978      40.1      40.7                                
       989      40.1      40.7                                
      1000      40.0      40.6                                
      1011      39.9      40.5                                
      1022      39.9      40.5                                
      1033      39.8      40.4                                
      1044      39.7      40.3                                
      1055      39.7      40.2                                
      1066      39.6      40.0                                
      1077      39.5      39.9                                
      1088      39.5      39.9                                
      1099      39.4      39.8                                
      1110      39.3      39.7                                
      1121      39.3      39.7                                
      1132      39.2      39.7                                
      1143      39.1      39.7                                
      1153      39.1      39.6                                
      1163      39.0      39.6                                
      1173      39.0      39.5                                
      1183      38.9      39.4                                
      1193      38.9      39.4                                
      1203      38.8      39.2                                
      1213      38.8      39.2                                
      1223      38.7      39.1                                
      1233      38.7      39.1                                
      1243      38.6      39.0                                
      1253      38.6      39.0                                
      1263      38.5      38.9                                
      1274      38.5      38.9                                
      1285      38.4      38.9                                
      1296      38.4      38.9                                
      1307      38.4      38.8                                
      1318      38.3      38.7                                
      1329      38.3      38.7                                
      1340      38.2      38.6                                
      1351      38.2      38.6                                
      1362      38.2      38.6                                
      1374      38.1      38.5                                
      1385      38.1      38.4                                
      1396      38.1      38.5                                
      1407      38.1      38.4                                
      1418      38.1      38.4                                
      1428      38.1      38.4                                
      1438      38.0      38.3                                
      1449      38.0      38.3                                
      1460      38.0      38.3                                
      1471      38.0      38.3                                
      1482      38.0      38.3                                
      1493      38.0      38.3                                
      1503      38.0      38.3                                
      1513      38.0      38.3                                
      1523      38.0      38.3                                
      1533      38.0      38.3                                
      1544      38.0      38.3                                
      1555      38.0      38.3                                
      1566      38.0      38.3                                
      1577      38.1      38.3                                
      1588      38.1      38.3                                
      1599      38.1      38.3                                
      1610      38.1      38.3                                
      1621      38.1      38.3                                
      1631      38.1      38.3                                
      1641      38.2      38.3                                
      1651      38.2      38.3                                
      1661      38.2      38.3                                
      1672      38.3      38.3                                
      1683      38.3      38.3                                
      1694      38.3      38.3                                
      1705      38.4      38.3                                
      1716      38.4      38.3                                
      1728      38.5      38.3                                
      1739      38.5      38.3                                
      1750      38.6      38.3                                
      1761      38.6      38.3                                
      1772      38.7      38.3                                
      1783      38.7      38.3                                
      1794      38.8      38.3                                
      1805      38.8      38.4                                
      1816      38.9      38.4                                
      1827      38.9      38.4                                
      1838      39.0      38.4                                
      1849      39.0      38.5                                
      1860      39.1      38.6                                
      1871      39.2      38.7                                
      1882      39.2      38.8                                
      1894      39.3      38.8                                
      1905      39.4      38.9                                
      1916      39.4      38.9                                
      1927      39.5      39.0                                
      1938      39.6      39.0                                
      1949      39.6      39.1                                
      1960      39.7      39.2                                
      1971      39.8      39.3                                
      1982      39.9      39.3                                
      1993      39.9      39.4                                
      2004      40.0      39.4                                
      2015      40.0      39.5                                
      2026      40.0      39.6                                
      2037      40.1      39.7                                
      2048      40.2      39.7                                
      2060      40.3      39.8                                
      2071      40.3      39.8                                
      2082      40.4      39.9                                
      2092      40.5      39.9                                
      2102      40.5      40.0                                
      2112      40.6      40.1                                
      2122      40.6      40.2                                
      2133      40.7      40.3                                
      2144      40.8      40.3                                
      2155      40.8      40.4                                
      2166      40.9      40.4                                
      2177      40.9      40.5                                
      2188      41.0      40.4                                
      2199      41.1      40.6                                
      2210      41.1      40.6                                
      2221      41.2      40.7                                
      2232      41.2      40.8                                
      2243      41.3      40.9                                
      2253      41.3      40.9                                
      2263      41.4      40.9                                
      2273      41.4      41.0                                
      2283      41.5      41.0                                
      2293      41.5      41.1                                
      2303      41.6      41.2                                
      2313      41.6      41.3                                
      2323      41.6      41.3                                
      2333      41.7      41.4                                
      2343      41.7      41.4                                
      2354      41.7      41.4                                
      2365      41.8      41.4                                
      2376      41.8      41.5                                
      2387      41.8      41.5                                
      2398      41.8      41.5                                
      2409      41.9      41.5                                
      2420      41.9      41.6                                
      2431      41.9      41.6                                
      2442      41.9      41.6                                
      2453      41.9      41.6                                
      2464      41.9      41.6                                
      2476      42.0      41.7                                
      2487      42.0      41.7                                
      2498      42.0      41.7                                
      2509      42.0      41.7                                
      2520      42.0      41.7                                
      2531      42.0      41.7                                
      2542      42.0      41.7                                
      2553      42.0      41.7                                
      2564      42.0      41.7                                
      2575      41.9      41.7                                
      2586      41.9      41.7                                
      2597      41.9      41.7                                
      2608      41.9      41.7                                
      2620      41.9      41.7                                
      2631      41.8      41.7                                
      2642      41.8      41.7                                
      2653      41.8      41.7                                
      2664      41.8      41.7                                
      2675      41.7      41.7                                
      2686      41.7      41.7                                
      2697      41.7      41.7                                
      2708      41.6      41.7                                
      2719      41.6      41.7                                
      2730      41.6      41.7                                
      2741      41.5      41.7                                
      2752      41.5      41.7                                
      2763      41.4      41.7                                
      2775      41.4      41.7                                
      2786      41.3      41.7                                
      2797      41.2      41.7                                
      2808      41.2      41.7                                
      2819      41.1      41.6                                
      2830      41.1      41.6                                
      2841      41.0      41.5                                
      2852      41.0      41.5                                
      2863      40.9      41.3                                
      2874      40.8      41.3                                
      2885      40.8      41.2                                
      2896      40.7      41.2                                
      2907      40.7      41.1                                
      2918      40.6      41.1                                
      2930      40.5      41.0                                
      2941      40.5      41.0                                
      2952      40.4      40.9                                
      2963      40.3      40.9                                
      2974      40.2      40.8                                
      2985      40.2      40.8                                
      2996      40.1      40.7                                
      3007      40.0      40.6                                
      3018      40.0      40.5                                
      3029      39.9      40.4                                
      3040      39.8      40.4                                
      3051      39.8      40.3                                
      3062      39.7      40.2                                
      3073      39.6      40.1                                
      3084      39.6      40.0                                
      3096      39.5      39.9                                
      3107      39.4      39.9                                
      3118      39.4      39.8                                
      3129      39.3      39.7                                
      3139      39.2      39.8                                
      3149      39.2      39.7                                
      3159      39.1      39.7                                
      3169      39.1      39.6                                
      3179      39.0      39.5                                
      3189      39.0      39.4                                
      3199      38.9      39.3                                
      3209      38.9      39.2                                
      3219      38.8      39.2                                
      3231      38.7      39.1                                
      3242      38.7      39.1                                
      3253      38.6      39.1                                
      3263      38.6      39.0                                
      3273      38.6      39.0                                
      3283      38.5      38.9                                
      3293      38.5      38.9                                
      3303      38.4      38.9                                
      3313      38.4      38.8                                
      3323      38.3      38.7                                
      3333      38.3      38.7                                
      3343      38.3      38.6                                
      3355      38.2      38.6                                
      3366      38.2      38.5                                
      3377      38.2      38.5                                
      3388      38.1      38.5                                
      3399      38.1      38.5                                
      3410      38.1      38.5                                
      3421      38.1      38.4                                
      3432      38.1      38.4                                
      3443      38.1      38.3                                
      3454      38.0      38.3                                
      3465      38.0      38.3                                
      3476      38.0      38.3                                
      3487      38.0      38.3                                
      3497      38.0      38.3                                
      3507      38.0      38.3                                
      3517      38.0      38.3                                
      3527      38.0      38.4                                
      3537      38.0      38.3                                
      3547      38.0      38.3                                
      3558      38.0      38.3                                
      3569      38.0      38.3                                
      3580      38.0      38.4                                
      3591      38.1      38.3                                
      3602      38.1      38.3                                
      3613      38.1      38.3                                
      3625      38.1      38.3                                
      3636      38.1      38.3                                
      3647      38.1      38.4                                
      3658      38.2      38.3                                
      3669      38.2      38.3                                
      3680      38.2      38.3                                
      3691      38.3      38.3                                
      3702      38.3      38.3                                
      3713      38.4      38.3                                
      3724      38.4      38.3                                
      3735      38.4      38.3                                
      3746      38.5      38.3                                
      3757      38.5      38.3                                
      3768      38.6      38.3                                
      3779      38.6      38.3                                
      3790      38.7      38.3                                
      3801      38.7      38.3                                
      3812      38.8      38.4                                
      3823      38.9      38.3                                
      3834      38.9      38.4                                
      3846      39.0      38.4                                
      3857      39.0      38.5                                
      3868      39.1      38.5                                
      3879      39.1      38.6                                
      3890      39.2      38.7                                
      3901      39.3      38.8                                
      3911      39.3      38.8                                
      3921      39.4      38.9                                
      3932      39.5      38.9                                
      3943      39.5      39.0                                
      3954      39.6      39.1                                
      3965      39.7      39.2                                
      3976      39.7      39.2                                
      3987      39.8      39.3                                
      3998      39.9      39.3                                
      4009      39.9      39.4                                
      4020      40.0      39.5                                
      4031      40.0      39.6                                
      4042      40.1      39.6                                
      4054      40.2      39.7                                
      4065      40.3      39.8                                
      4076      40.3      39.8                                
      4087      40.4      39.9                                
      4098      40.5      40.0                                
      4109      40.5      40.1                                
      4120      40.6      40.2                                
      4131      40.7      40.2                                
      4142      40.7      40.3                                
      4152      40.8      40.3                                
      4162      40.8      40.3                                
      4172      40.9      40.4                                
      4182      40.9      40.4                                
      4192      41.0      40.4                                
      4202      41.0      40.5                                
      4212      41.1      40.6                                
      4222      41.2      40.7                                
      4232      41.2      40.7                                
      4242      41.3      40.8                                
      4252      41.3      40.9                                
      4262      41.4      40.9                                
      4272      41.4      40.9                                
      4282      41.4      41.0                                
      4292      41.5      41.1                                
      4302      41.5      41.1                                
      4312      41.6      41.2                                
      4322      41.6      41.4                                
      4332      41.7      41.3                                
      4343      41.7      41.4                                
      4354      41.7      41.4                                
      4366      41.7      41.4                                
      4377      41.8      41.4                                
      4388      41.8      41.5                                
      4399      41.8      41.5                                
      4410      41.9      41.6                                
      4421      41.9      41.6                                
      4432      41.9      41.6                                
      4443      41.9      41.6                                
      4454      41.9      41.6                                
      4465      41.9      41.7                                
      4476      42.0      41.7                                
      4487      42.0      41.7                                
      4498      42.0      41.7                                
      4510      42.0      41.7                                
      4521      42.0      41.7                                
      4532      42.0      41.7                                
      4543      42.0      41.7                                
      4553      42.0      41.7                                
      4563      42.0      41.7                                
      4573      41.9      41.7                                
      4583      41.9      41.8                                
      4593      41.9      41.7                                
      4603      41.9      41.7                                
      4613      41.9      41.7                                
      4623      41.9      41.7                                
      4633      41.9      41.7                                
      4643      41.8      41.7                                
      4653      41.8      41.7                                
      4664      41.8      41.7                                
      4676      41.7      41.7                                
      4687      41.7      41.7                                
      4698      41.7      41.7                                
      4709      41.7      41.7                                
      4720      41.6      41.7                                
      4731      41.6      41.7                                
      4742      41.5      41.7                                
      4753      41.5      41.7                                
      4764      41.4      41.7                                
      4775      41.4      41.7                                
      4786      41.3      41.7                                
      4797      41.3      41.7                                
      4807      41.2      41.7                                
      4817      41.2      41.7                                
      4828      41.1      41.7                                
      4839      41.1      41.6                                
      4850      41.0      41.5                                
      4861      40.9      41.4                                
      4872      40.9      41.3                                
      4883      40.8      41.3                                
      4895      40.8      41.2                                
      4906      40.7      41.2                                
      4917      40.6      41.1                                
      4928      40.6      41.1                                
      4939      40.5      41.0                                
      4950      40.4      40.9                                
      4961      40.4      40.9                                
      4972      40.3      40.8                                
      4983      40.2      40.8                                
      4994      40.1      40.8                                
