     Temps  Consigne  Position  Commande   Courant  Vit. Axe    Moteur
        ms    degrés    degrés     Volts        mA     rad/s     rad/s
         0      30.4      30.6                                
        10      50.4      30.6                                
        20      50.4      30.8                                
        30      50.4      31.6                                
        40      50.4      32.6                                
        50      50.4      33.5                                
        60      50.4      34.6                                
        70      50.4      35.8                                
        80      50.4      37.1                                
        90      50.4      38.1                                
       100      50.4      39.7                                
       110      50.4      40.9                                
       120      50.4      42.4                                
       130      50.4      43.7                                
       140      50.4      45.2                                
       150      50.4      46.4                                
       160      50.4      48.1                                
       170      50.4      49.2                                
       180      50.4      50.5                                
       190      50.4      51.4                                
       200      50.4      52.1                                
       210      50.4      52.4                                
       220      50.4      52.3                                
       230      50.4      52.0                                
       240      50.4      51.6                                
       250      50.4      51.1                                
       260      50.4      50.7                                
       270      50.4      50.4                                
       280      50.4      50.3                                
       290      50.4      50.1                                
       300      50.4      50.0                                
       310      50.4      50.0                                
       320      50.4      50.0                                
       330      50.4      50.0                                
       340      50.4      50.0                                
       350      50.4      50.0                                
       360      50.4      50.1                                
       370      50.4      50.2                                
       380      50.4      50.1                                
       390      50.4      50.2                                
       400      50.4      50.1                                
       410      50.4      50.1                                
       420      50.4      50.1                                
       430      50.4      50.2                                
       440      50.4      50.1                                
       450      50.4      50.1                                
       460      50.4      50.1                                
       470      50.4      50.2                                
       480      50.4      50.2                                
       490      50.4      50.2                                
       500      50.4      50.1                                
       510      50.4      50.1                                
       520      50.4      50.2                                
       530      50.4      50.1                                
       540      50.4      50.1                                
       550      50.4      50.1                                
       560      50.4      50.1                                
       570      50.4      50.1                                
       580      50.4      50.2                                
       590      50.4      50.1                                
       600      50.4      50.2                                
       610      50.4      50.1                                
       620      50.4      50.2                                
       630      50.4      50.2                                
       640      50.4      50.2                                
       650      50.4      50.1                                
       660      50.4      50.2                                
       670      50.4      50.2                                
       680      50.4      50.1                                
       690      50.4      50.1                                
       700      50.4      50.2                                
       710      50.4      50.1                                
       720      50.4      50.1                                
       730      50.4      50.1                                
       740      50.4      50.1                                
       750      50.4      50.2                                
       760      50.4      50.1                                
       770      50.4      50.1                                
       780      50.4      50.1                                
       790      50.4      50.1                                
       800      50.4      50.1                                
       810      50.4      50.1                                
       820      50.4      50.1                                
       830      50.4      50.1                                
       840      50.4      50.1                                
       850      50.4      50.2                                
       860      50.4      50.1                                
       870      50.4      50.1                                
       880      50.4      50.1                                
       890      50.4      50.1                                
       900      50.4      50.2                                
       910      50.4      50.2                                
       920      50.4      50.1                                
       930      50.4      50.1                                
       940      50.4      50.1                                
       950      50.4      50.1                                
       960      50.4      50.1                                
       970      50.4      50.1                                
       980      50.4      50.1                                
       990      50.4      50.1                                
      1000      50.4      50.2                                
      1010      50.4      50.2                                
      1020      50.4      50.1                                
      1030      50.4      50.1                                
      1040      50.4      50.1                                
      1050      50.4      50.2                                
      1060      50.4      50.1                                
      1070      50.4      50.1                                
      1080      50.4      50.1                                
      1090      50.4      50.1                                
      1100      50.4      50.1                                
      1110      50.4      50.1                                
      1120      50.4      50.1                                
      1130      50.4      50.1                                
      1140      50.4      50.2                                
      1150      50.4      50.2                                
      1160      50.4      50.1                                
      1170      50.4      50.1                                
      1180      50.4      50.1                                
      1190      50.4      50.1                                
      1200      50.4      50.2                                
      1210      50.4      50.2                                
      1220      50.4      50.1                                
      1230      50.4      50.1                                
      1240      50.4      50.1                                
      1250      50.4      50.1                                
      1260      50.4      50.2                                
      1270      50.4      50.1                                
      1280      50.4      50.1                                
      1290      50.4      50.1                                
      1300      50.4      50.1                                
      1310      50.4      50.1                                
      1320      50.4      50.1                                
      1330      50.4      50.1                                
      1340      50.4      50.1                                
      1350      50.4      50.1                                
      1360      50.4      50.1                                
      1370      50.4      50.1                                
      1380      50.4      50.2                                
      1390      50.4      50.1                                
      1400      50.4      50.1                                
      1410      50.4      50.1                                
      1420      50.4      50.1                                
      1430      50.4      50.1                                
      1440      50.4      50.1                                
      1450      50.4      50.1                                
      1460      50.4      50.1                                
      1470      50.4      50.1                                
      1480      50.4      50.1                                
      1490      50.4      50.2                                
      1500      50.4      50.2                                
      1510      50.4      50.1                                
      1520      50.4      50.1                                
      1530      50.4      50.1                                
      1540      50.4      50.1                                
      1550      50.4      50.2                                
      1560      50.4      50.2                                
      1570      50.4      50.1                                
      1580      50.4      50.1                                
      1590      50.4      50.1                                
      1600      50.4      50.2                                
      1610      50.4      50.1                                
      1620      50.4      50.1                                
      1630      50.4      50.1                                
      1640      50.4      50.1                                
      1650      50.4      50.2                                
      1660      50.4      50.1                                
      1670      50.4      50.1                                
      1680      50.4      50.1                                
      1690      50.4      50.1                                
      1700      50.4      50.1                                
      1710      50.4      50.2                                
      1720      50.4      50.1                                
      1730      50.4      50.1                                
      1740      50.4      50.1                                
      1750      50.4      50.1                                
      1760      50.4      50.1                                
      1770      50.4      50.1                                
      1780      50.4      50.1                                
      1790      50.4      50.1                                
      1800      50.4      50.1                                
      1810      50.4      50.2                                
      1820      50.4      50.1                                
      1830      50.4      50.1                                
      1840      50.4      50.1                                
      1850      50.4      50.2                                
      1860      50.4      50.1                                
      1870      50.4      50.1                                
      1880      50.4      50.1                                
      1890      50.4      50.1                                
      1900      50.4      50.1                                
      1910      50.4      50.1                                
      1920      50.4      50.2                                
      1930      50.4      50.1                                
      1940      50.4      50.2                                
      1950      50.4      50.1                                
      1960      50.4      50.1                                
      1970      50.4      50.1                                
      1980      50.4      50.1                                
      1990      50.4      50.1                                
      2000      50.4      50.1                                
