     Temps  Consigne  Position  Commande   Courant  Vit. Axe    Moteur
        ms    degrés    degrés     Volts        mA     rad/s     rad/s
         0      50.4      50.1                                
        10      40.1      50.1                                
        20      40.2      49.5                                
        31      40.3      48.7                                
        41      40.4      47.9                                
        51      40.6      47.1                                
        61      40.7      45.8                                
        71      40.8      44.8                                
        81      40.9      43.4                                
        91      41.0      41.9                                
       101      41.1      40.9                                
       111      41.2      39.8                                
       121      41.3      39.4                                
       131      41.4      39.4                                
       141      41.5      39.7                                
       152      41.6      40.3                                
       163      41.7      40.8                                
       174      41.7      41.2                                
       184      41.8      41.5                                
       194      41.8      41.7                                
       204      41.9      42.0                                
       214      41.9      42.2                                
       224      41.9      42.4                                
       234      42.0      42.5                                
       244      42.0      42.5                                
       254      42.0      42.5                                
       264      42.0      42.4                                
       274      42.0      42.3                                
       284      41.9      42.2                                
       294      41.9      42.2                                
       304      41.9      42.1                                
       314      41.8      42.2                                
       324      41.8      42.1                                
       334      41.7      42.1                                
       344      41.7      42.1                                
       354      41.6      42.1                                
       364      41.5      42.0                                
       374      41.4      42.0                                
       384      41.4      41.9                                
       394      41.3      41.8                                
       404      41.2      41.7                                
       414      41.0      41.7                                
       424      40.9      41.6                                
       434      40.8      41.5                                
       444      40.7      41.3                                
       454      40.6      41.2                                
       464      40.5      41.1                                
       474      40.4      41.0                                
       484      40.2      40.9                                
       494      40.1      40.8                                
       504      40.0      40.7                                
       515      39.8      40.6                                
       527      39.7      40.5                                
       538      39.6      40.4                                
       549      39.4      40.2                                
       560      39.3      39.9                                
       571      39.1      39.8                                
       581      39.0      39.6                                
       591      39.0      39.4                                
       601      38.8      39.3                                
       611      38.7      39.2                                
       621      38.6      39.1                                
       631      38.6      39.0                                
       641      38.5      38.9                                
       651      38.4      38.8                                
       661      38.3      38.7                                
       671      38.3      38.7                                
       681      38.2      38.6                                
       691      38.1      38.6                                
       701      38.1      38.5                                
       711      38.1      38.5                                
       721      38.0      38.4                                
       731      38.0      38.3                                
       741      38.0      38.3                                
       751      38.0      38.2                                
       761      38.0      38.2                                
       771      38.0      38.2                                
       781      38.0      38.2                                
       791      38.1      38.2                                
       801      38.1      38.2                                
       811      38.1      38.3                                
       821      38.2      38.3                                
       831      38.2      38.2                                
       841      38.3      38.2                                
       851      38.3      38.3                                
       861      38.4      38.2                                
       871      38.5      38.3                                
       881      38.6      38.3                                
       891      38.7      38.2                                
       901      38.8      38.2                                
       911      38.9      38.3                                
       921      39.0      38.3                                
       931      39.1      38.4                                
       941      39.2      38.5                                
       951      39.3      38.6                                
       961      39.4      38.7                                
       971      39.5      38.8                                
       981      39.7      38.9                                
       991      39.8      39.1                                
      1001      39.9      39.2                                
      1011      40.0      39.4                                
      1022      40.1      39.5                                
      1032      40.2      39.6                                
      1042      40.3      39.7                                
      1052      40.5      39.8                                
      1062      40.6      40.1                                
      1072      40.7      40.2                                
      1082      40.8      40.3                                
      1093      41.0      40.4                                
      1104      41.1      40.4                                
      1115      41.2      40.6                                
      1126      41.3      40.6                                
      1137      41.4      40.8                                
      1148      41.5      40.8                                
      1159      41.6      41.0                                
      1170      41.7      41.2                                
      1181      41.7      41.3                                
      1192      41.8      41.5                                
      1203      41.8      41.6                                
      1215      41.9      41.6                                
      1226      41.9      41.7                                
      1237      42.0      41.7                                
      1248      42.0      41.7                                
      1259      42.0      41.7                                
      1270      42.0      41.7                                
      1281      42.0      41.7                                
      1292      41.9      41.7                                
      1303      41.9      41.7                                
      1314      41.9      41.8                                
      1325      41.8      41.7                                
      1336      41.7      41.7                                
      1347      41.7      41.7                                
      1358      41.6      41.7                                
      1369      41.5      41.7                                
      1381      41.4      41.7                                
      1392      41.3      41.7                                
      1403      41.2      41.7                                
      1414      41.1      41.7                                
      1425      41.0      41.7                                
      1436      40.9      41.6                                
      1447      40.8      41.5                                
      1458      40.6      41.3                                
      1469      40.5      41.1                                
      1480      40.4      40.9                                
      1491      40.2      40.8                                
      1502      40.1      40.7                                
      1513      39.9      40.6                                
      1523      39.9      40.5                                
      1533      39.7      40.5                                
      1543      39.6      40.4                                
      1553      39.5      40.2                                
      1563      39.4      40.0                                
      1573      39.2      39.8                                
      1584      39.1      39.6                                
      1595      39.0      39.4                                
      1606      38.9      39.3                                
      1617      38.8      39.3                                
      1628      38.6      39.1                                
      1639      38.5      39.0                                
      1650      38.4      38.9                                
      1662      38.4      38.8                                
      1673      38.3      38.8                                
      1684      38.2      38.7                                
      1695      38.1      38.6                                
      1706      38.1      38.6                                
      1716      38.1      38.5                                
      1726      38.1      38.4                                
      1736      38.0      38.3                                
      1746      38.0      38.2                                
      1756      38.0      38.2                                
      1766      38.0      38.2                                
      1776      38.0      38.2                                
      1786      38.0      38.2                                
      1797      38.1      38.2                                
      1808      38.1      38.3                                
      1819      38.1      38.2                                
      1830      38.2      38.2                                
      1841      38.2      38.3                                
      1852      38.3      38.3                                
      1863      38.4      38.2                                
      1873      38.5      38.2                                
      1883      38.5      38.2                                
      1894      38.7      38.2                                
      1905      38.8      38.2                                
      1916      38.9      38.3                                
      1927      39.0      38.3                                
      1937      39.1      38.4                                
      1947      39.2      38.4                                
      1957      39.3      38.5                                
      1967      39.4      38.7                                
      1977      39.6      38.8                                
      1987      39.7      39.0                                
      1997      39.8      39.1                                
      2007      39.9      39.2                                
      2018      40.0      39.4                                
      2029      40.1      39.5                                
      2040      40.3      39.6                                
      2051      40.4      39.7                                
      2062      40.5      39.9                                
      2073      40.7      40.0                                
      2084      40.8      40.2                                
      2094      40.9      40.4                                
      2104      41.0      40.4                                
      2115      41.1      40.5                                
      2126      41.2      40.6                                
      2137      41.3      40.8                                
      2148      41.4      40.8                                
      2160      41.5      40.9                                
      2171      41.6      41.0                                
      2182      41.7      41.2                                
      2193      41.8      41.3                                
      2204      41.8      41.4                                
      2215      41.9      41.6                                
      2226      41.9      41.6                                
      2237      41.9      41.7                                
      2248      42.0      41.7                                
      2259      42.0      41.7                                
      2270      42.0      41.7                                
      2281      42.0      41.7                                
      2291      42.0      41.7                                
      2301      41.9      41.7                                
      2311      41.9      41.7                                
      2321      41.9      41.7                                
      2332      41.8      41.8                                
      2342      41.8      41.7                                
      2352      41.7      41.7                                
      2363      41.6      41.7                                
      2374      41.6      41.7                                
      2384      41.5      41.7                                
      2394      41.4      41.7                                
      2404      41.3      41.7                                
      2414      41.2      41.7                                
      2425      41.1      41.7                                
      2436      41.0      41.7                                
      2447      40.8      41.6                                
      2458      40.7      41.4                                
      2469      40.6      41.2                                
      2480      40.5      41.0                                
      2491      40.3      40.9                                
      2503      40.2      40.8                                
      2514      40.0      40.7                                
      2525      39.9      40.6                                
      2536      39.8      40.5                                
      2547      39.6      40.4                                
      2558      39.5      40.3                                
      2569      39.4      40.1                                
      2580      39.2      39.8                                
      2591      39.1      39.6                                
      2602      39.0      39.5                                
      2613      38.9      39.3                                
      2624      38.8      39.2                                
      2635      38.6      39.1                                
      2647      38.5      39.1                                
      2657      38.5      38.9                                
      2667      38.4      38.9                                
      2678      38.3      38.8                                
      2689      38.2      38.7                                
      2700      38.2      38.6                                
      2711      38.1      38.5                                
      2722      38.1      38.4                                
      2733      38.0      38.4                                
      2744      38.0      38.3                                
      2755      38.0      38.3                                
      2766      38.0      38.3                                
      2777      38.0      38.2                                
      2788      38.0      38.3                                
      2799      38.0      38.3                                
      2810      38.1      38.2                                
      2821      38.1      38.2                                
      2832      38.1      38.3                                
      2844      38.2      38.2                                
      2855      38.3      38.3                                
      2866      38.3      38.3                                
      2877      38.4      38.2                                
      2888      38.5      38.3                                
      2899      38.6      38.2                                
      2910      38.7      38.3                                
      2921      38.9      38.3                                
      2932      39.0      38.3                                
      2942      39.0      38.3                                
      2952      39.1      38.3                                
      2962      39.3      38.5                                
      2972      39.4      38.7                                
      2982      39.5      38.8                                
      2992      39.6      38.9                                
      3002      39.7      39.0                                
      3012      39.9      39.2                                
      3022      40.0      39.3                                
      3032      40.1      39.4                                
      3043      40.3      39.6                                
      3054      40.4      39.7                                
      3064      40.5      39.8                                
      3074      40.6      39.9                                
      3084      40.8      40.2                                
      3094      40.9      40.3                                
      3104      41.0      40.5                                
      3114      41.1      40.5                                
      3124      41.2      40.6                                
      3134      41.3      40.8                                
      3144      41.4      40.8                                
      3155      41.5      40.9                                
      3166      41.6      41.0                                
      3178      41.7      41.1                                
      3189      41.7      41.2                                
      3200      41.8      41.4                                
      3211      41.8      41.5                                
      3222      41.9      41.5                                
      3233      41.9      41.7                                
      3244      41.9      41.7                                
      3255      42.0      41.7                                
      3266      42.0      41.7                                
      3277      42.0      41.7                                
      3288      42.0      41.7                                
      3299      41.9      41.7                                
      3310      41.9      41.7                                
      3321      41.9      41.7                                
      3333      41.8      41.7                                
      3344      41.8      41.7                                
      3355      41.7      41.7                                
      3365      41.7      41.8                                
      3375      41.6      41.7                                
      3385      41.5      41.7                                
      3395      41.4      41.7                                
      3405      41.3      41.7                                
      3415      41.2      41.8                                
      3425      41.1      41.7                                
      3437      41.0      41.7                                
      3448      40.9      41.6                                
      3459      40.8      41.5                                
      3470      40.6      41.3                                
      3481      40.5      41.1                                
      3492      40.3      40.9                                
      3503      40.2      40.8                                
      3514      40.1      40.7                                
      3525      39.9      40.6                                
      3536      39.8      40.5                                
      3547      39.7      40.5                                
      3558      39.5      40.3                                
      3569      39.4      40.1                                
      3580      39.2      39.9                                
      3591      39.1      39.7                                
      3602      39.0      39.6                                
      3613      38.9      39.3                                
      3623      38.8      39.3                                
      3633      38.7      39.2                                
      3643      38.6      39.1                                
      3653      38.5      38.9                                
      3663      38.4      38.9                                
      3673      38.4      38.8                                
      3683      38.3      38.7                                
      3693      38.2      38.6                                
      3703      38.2      38.6                                
      3713      38.1      38.5                                
      3724      38.1      38.4                                
      3735      38.0      38.4                                
      3746      38.0      38.3                                
      3757      38.0      38.3                                
      3768      38.0      38.3                                
      3779      38.0      38.3                                
      3790      38.0      38.3                                
      3801      38.0      38.3                                
      3813      38.1      38.3                                
      3824      38.1      38.3                                
      3835      38.1      38.3                                
      3845      38.2      38.3                                
      3855      38.2      38.3                                
      3865      38.3      38.3                                
      3875      38.4      38.3                                
      3885      38.5      38.2                                
      3895      38.5      38.3                                
      3905      38.6      38.3                                
      3915      38.7      38.2                                
      3925      38.8      38.3                                
      3935      39.0      38.3                                
      3945      39.1      38.3                                
      3956      39.2      38.4                                
      3968      39.3      38.5                                
      3979      39.5      38.7                                
      3990      39.6      38.9                                
      4001      39.7      39.0                                
      4012      39.9      39.2                                
      4023      40.0      39.3                                
      4034      40.1      39.4                                
      4045      40.3      39.6                                
      4056      40.4      39.7                                
      4066      40.5      39.8                                
      4076      40.6      40.0                                
      4086      40.8      40.2                                
      4096      40.8      40.3                                
      4106      40.9      40.4                                
      4116      41.1      40.5                                
      4126      41.2      40.6                                
      4136      41.3      40.7                                
      4147      41.4      40.8                                
      4158      41.5      40.9                                
      4169      41.6      41.0                                
      4180      41.7      41.1                                
      4191      41.7      41.2                                
      4201      41.8      41.3                                
      4211      41.8      41.4                                
      4221      41.9      41.5                                
      4231      41.9      41.6                                
      4241      41.9      41.7                                
      4251      42.0      41.7                                
      4262      42.0      41.7                                
      4273      42.0      41.7                                
      4284      42.0      41.7                                
      4295      42.0      41.7                                
      4306      41.9      41.7                                
      4317      41.9      41.7                                
      4328      41.9      41.7                                
      4339      41.8      41.8                                
      4350      41.7      41.7                                
      4361      41.7      41.7                                
      4372      41.6      41.7                                
      4383      41.5      41.8                                
      4393      41.5      41.7                                
      4403      41.4      41.7                                
      4413      41.3      41.7                                
      4423      41.2      41.7                                
      4433      41.1      41.7                                
      4443      41.0      41.7                                
      4453      40.8      41.6                                
      4463      40.7      41.4                                
      4474      40.6      41.2                                
      4485      40.5      41.1                                
      4496      40.3      40.9                                
      4507      40.2      40.8                                
      4518      40.0      40.7                                
      4529      39.9      40.6                                
      4540      39.8      40.5                                
      4551      39.6      40.5                                
      4563      39.5      40.2                                
      4574      39.4      40.1                                
      4585      39.2      39.8                                
      4596      39.1      39.7                                
      4607      39.0      39.5                                
      4618      38.9      39.3                                
      4629      38.8      39.2                                
      4640      38.6      39.1                                
      4651      38.5      39.0                                
      4662      38.5      38.9                                
      4673      38.4      38.9                                
      4683      38.3      38.8                                
      4693      38.2      38.8                                
      4703      38.2      38.6                                
      4713      38.1      38.6                                
      4723      38.1      38.5                                
      4733      38.1      38.3                                
      4744      38.0      38.3                                
      4755      38.0      38.3                                
      4766      38.0      38.3                                
      4777      38.0      38.3                                
      4788      38.0      38.3                                
      4799      38.0      38.2                                
      4810      38.1      38.2                                
      4821      38.1      38.3                                
      4832      38.1      38.3                                
      4842      38.2      38.3                                
      4852      38.2      38.3                                
      4862      38.3      38.3                                
      4872      38.3      38.3                                
      4882      38.4      38.3                                
      4892      38.5      38.3                                
      4902      38.6      38.3                                
      4912      38.7      38.3                                
      4922      38.8      38.3                                
      4932      38.9      38.3                                
      4942      39.0      38.3                                
      4952      39.1      38.4                                
      4962      39.2      38.5                                
      4972      39.4      38.7                                
      4982      39.5      38.7                                
      4992      39.6      38.8                                
      5002      39.7      39.0                                
