     Temps  Consigne  Position  Commande   Courant  Vit. Axe    Moteur
        ms    degrés    degrés     Volts        mA     rad/s     rad/s
         0      40.0      40.1                                
        10      40.8      40.2                                
        20      41.7      40.1                                
        30      42.0      40.2                                
        40      41.6      40.4                                
        50      40.4      40.8                                
        60      39.4      41.1                                
        70      38.3      41.3                                
        80      38.0      41.0                                
        90      38.4      40.4                                
       100      39.6      39.6                                
       111      40.0      38.9                                
       122      41.3      38.3                                
       133      41.9      38.4                                
       144      41.7      38.9                                
       155      40.7      39.4                                
       165      39.6      40.1                                
       175      38.6      40.7                                
       185      38.0      41.0                                
       195      38.3      40.9                                
       205      39.1      40.4                                
       215      40.0      39.7                                
       226      41.3      39.2                                
       237      41.9      38.9                                
       248      41.7      39.2                                
       259      40.7      39.7                                
       270      39.3      40.4                                
       281      38.3      41.0                                
       292      38.0      41.0                                
       303      38.7      40.7                                
       314      39.9      40.3                                
       324      40.0      39.7                                
       334      41.0      39.3                                
       344      41.9      39.0                                
       354      41.8      39.3                                
       364      41.2      39.7                                
       374      40.1      40.3                                
       384      38.8      40.9                                
       394      38.1      41.2                                
       404      38.1      40.9                                
       414      38.9      40.5                                
       425      40.0      39.7                                
       436      41.3      39.1                                
       447      41.9      38.6                                
       458      41.7      39.0                                
       469      40.7      39.4                                
       479      39.6      39.8                                
       489      38.6      40.4                                
       499      38.0      40.8                                
       509      38.3      40.6                                
       520      39.4      40.1                                
       531      40.0      39.5                                
       542      41.3      38.9                                
       553      41.9      38.7                                
       564      41.7      39.1                                
       575      40.7      39.6                                
       586      39.3      40.4                                
       598      38.3      41.0                                
       609      38.0      41.1                                
       620      38.7      40.8                                
       631      39.9      40.2                                
       642      40.0      39.5                                
       653      41.3      39.0                                
       664      41.9      39.0                                
       675      41.7      39.3                                
       686      40.7      39.9                                
       697      39.3      40.7                                
       708      38.3      41.2                                
       719      38.0      41.2                                
       730      38.7      40.9                                
       740      39.7      40.4                                
       750      40.0      39.7                                
       760      41.3      39.1                                
       770      41.9      39.0                                
       780      41.8      39.3                                
       790      40.9      39.9                                
       801      39.6      40.6                                
       812      38.4      41.2                                
       823      38.0      41.3                                
       834      38.5      40.8                                
       845      39.7      40.2                                
       856      40.0      39.5                                
       867      41.3      38.9                                
       878      41.9      38.8                                
       890      41.7      39.0                                
       900      40.9      39.5                                
       910      39.6      40.2                                
       920      38.4      40.9                                
       932      38.0      41.0                                
       943      38.5      40.8                                
       954      39.7      40.3                                
       965      40.0      39.6                                
       976      41.3      39.1                                
       987      41.9      38.9                                
       998      41.7      39.2                                
