     Temps  Consigne  Position  Commande   Courant  Vit. Axe    Moteur
        ms    degrés    degrés     Volts        mA     rad/s     rad/s
         0      42.0      42.2                                
        10      40.2      42.2                                
        20      40.5      42.1                                
        30      40.9      41.6                                
        40      41.3      40.9                                
        50      41.6      40.7                                
        60      41.8      40.6                                
        70      41.9      40.6                                
        80      42.0      40.8                                
        91      41.9      41.0                                
       102      41.7      41.4                                
       113      41.5      41.7                                
       124      41.1      41.9                                
       135      40.7      42.0                                
       146      40.3      42.0                                
       157      39.8      41.7                                
       168      39.4      41.3                                
       179      38.9      40.7                                
       190      38.6      40.1                                
       201      38.3      39.4                                
       212      38.1      38.8                                
       223      38.0      38.2                                
       235      38.0      37.9                                
       245      38.1      37.7                                
       257      38.3      37.5                                
       268      38.6      37.5                                
       279      39.0      37.6                                
       289      39.4      37.8                                
       299      39.7      38.0                                
       309      40.1      38.5                                
       319      40.5      39.0                                
       329      40.9      39.4                                
       339      41.2      39.8                                
       349      41.5      40.6                                
       359      41.8      40.9                                
       369      41.9      41.3                                
       379      42.0      41.7                                
       389      42.0      41.8                                
       399      41.9      42.1                                
       409      41.7      42.4                                
       419      41.4      42.5                                
       429      41.1      42.4                                
       439      40.8      42.4                                
       449      40.3      42.0                                
       459      39.9      41.7                                
       469      39.5      41.3                                
       479      39.0      40.5                                
       489      38.7      39.8                                
       500      38.4      39.3                                
       511      38.1      38.8                                
       522      38.0      38.2                                
       533      38.0      38.0                                
       544      38.1      37.8                                
       555      38.3      37.8                                
       567      38.5      37.7                                
       578      38.9      37.7                                
       589      39.3      37.8                                
       600      39.8      38.1                                
       611      40.0      38.5                                
       622      40.4      39.0                                
       633      40.9      39.5                                
       644      41.3      39.9                                
       654      41.5      40.3                                
       664      41.7      40.7                                
       674      41.9      41.3                                
       684      42.0      41.7                                
       695      41.9      41.9                                
       706      41.8      42.2                                
       716      41.6      42.4                                
       726      41.3      42.5                                
       736      41.0      42.5                                
       746      40.6      42.2                                
       756      40.2      42.0                                
       766      39.8      41.7                                
       776      39.4      41.3                                
       786      39.1      40.7                                
       796      38.7      39.9                                
       806      38.4      39.3                                
       817      38.1      38.7                                
       828      38.0      38.2                                
       839      38.0      38.0                                
       850      38.1      37.8                                
       861      38.2      37.6                                
       871      38.5      37.5                                
       881      38.8      37.6                                
       892      39.2      37.8                                
       903      39.7      38.1                                
       914      40.0      38.3                                
       925      40.4      38.9                                
       936      40.9      39.4                                
       947      41.3      39.9                                
       958      41.6      40.5                                
       969      41.8      40.9                                
       980      41.9      41.4                                
       991      42.0      41.7                                
      1002      41.9      42.0                                
      1013      41.7      42.3                                
      1025      41.5      42.5                                
      1036      41.1      42.5                                
      1046      40.8      42.4                                
      1056      40.4      42.2                                
      1066      39.9      41.8                                
      1076      39.6      41.5                                
      1086      39.1      40.7                                
      1096      38.8      40.0                                
      1106      38.4      39.4                                
      1117      38.2      38.8                                
      1129      38.0      38.2                                
      1140      38.0      38.0                                
      1151      38.1      37.8                                
      1162      38.2      37.7                                
      1173      38.5      37.6                                
      1184      38.8      37.7                                
      1195      39.2      37.8                                
      1206      39.7      38.0                                
      1217      40.0      38.3                                
      1228      40.4      38.9                                
      1239      40.9      39.4                                
      1250      41.3      39.9                                
      1261      41.6      40.5                                
      1272      41.8      40.9                                
      1283      41.9      41.4                                
      1294      42.0      41.7                                
      1304      41.9      41.8                                
      1314      41.8      42.1                                
      1324      41.6      42.3                                
      1334      41.3      42.5                                
      1344      40.9      42.4                                
      1354      40.6      42.3                                
      1364      40.2      42.0                                
      1374      39.8      41.7                                
      1384      39.3      40.9                                
      1394      38.9      40.5                                
      1404      38.6      39.7                                
      1414      38.3      39.2                                
      1425      38.1      38.7                                
      1435      38.0      38.2                                
      1445      38.0      38.0                                
      1456      38.1      37.8                                
      1467      38.2      37.6                                
      1477      38.5      37.5                                
      1487      38.8      37.6                                
      1497      39.1      37.8                                
      1507      39.6      38.0                                
      1517      39.9      38.2                                
      1527      40.0      38.7                                
      1537      40.3      39.2                                
      1547      40.7      39.5                                
      1557      41.1      40.1                                
      1567      41.5      40.4                                
      1577      41.7      40.8                                
      1587      41.8      41.0                                
      1597      42.0      41.5                                
      1607      42.0      41.7                                
      1617      41.9      41.9                                
      1627      41.8      42.1                                
      1637      41.5      42.3                                
      1647      41.2      42.3                                
      1657      40.8      42.2                                
      1667      40.5      42.2                                
      1677      40.0      41.7                                
      1687      39.6      41.6                                
      1697      39.2      41.0                                
      1707      38.9      40.4                                
      1717      38.6      39.8                                
      1727      38.3      39.2                                
      1737      38.1      38.8                                
      1747      38.0      38.1                                
      1757      38.0      38.0                                
      1767      38.1      37.8                                
      1777      38.2      37.7                                
      1787      38.5      37.6                                
      1797      38.8      37.6                                
      1807      39.1      37.8                                
      1817      39.5      38.0                                
      1827      39.9      38.2                                
      1837      40.0      38.5                                
      1847      40.5      39.2                                
      1857      40.9      39.6                                
      1867      41.2      39.9                                
      1877      41.5      40.5                                
      1887      41.7      40.9                                
      1897      41.9      41.3                                
      1907      42.0      41.6                                
      1918      41.9      41.8                                
      1929      41.8      42.1                                
      1941      41.6      42.3                                
      1952      41.2      42.3                                
      1963      40.8      42.3                                
      1974      40.4      42.1                                
      1985      39.9      41.8                                
      1995      39.6      41.6                                
      2005      39.2      41.1                                
      2015      38.9      40.4                                
      2025      38.6      39.7                                
      2035      38.3      39.2                                
      2045      38.1      38.8                                
      2055      38.0      38.1                                
      2065      38.0      38.0                                
      2075      38.1      37.8                                
      2085      38.2      37.5                                
      2095      38.5      37.4                                
      2105      38.8      37.6                                
      2115      39.1      37.8                                
      2125      39.5      38.0                                
      2135      39.9      38.2                                
      2145      40.0      38.6                                
      2155      40.5      39.2                                
      2165      40.9      39.6                                
      2175      41.2      40.0                                
      2185      41.5      40.6                                
      2195      41.8      41.0                                
      2205      41.9      41.2                                
      2215      42.0      41.6                                
      2225      42.0      41.8                                
      2235      41.8      42.1                                
      2245      41.7      42.3                                
      2255      41.4      42.4                                
      2266      41.0      42.4                                
      2277      40.6      42.3                                
      2288      40.1      41.9                                
      2299      39.7      41.6                                
      2310      39.2      40.9                                
      2321      38.8      40.5                                
      2331      38.6      39.8                                
      2341      38.3      39.3                                
      2351      38.1      38.7                                
      2361      38.0      38.1                                
      2372      38.0      37.9                                
      2383      38.1      37.7                                
      2394      38.3      37.5                                
      2405      38.6      37.5                                
      2416      39.0      37.7                                
      2427      39.4      37.8                                
      2437      39.7      38.1                                
      2447      40.0      38.5                                
      2458      40.4      39.1                                
      2469      40.9      39.6                                
      2480      41.3      39.9                                
      2490      41.5      40.3                                
      2500      41.7      40.7                                
      2510      41.9      41.0                                
      2520      42.0      41.5                                
      2530      42.0      41.7                                
      2540      41.9      42.1                                
      2550      41.7      42.3                                
      2560      41.5      42.5                                
      2570      41.1      42.5                                
      2580      40.7      42.3                                
      2591      40.2      42.0                                
      2602      39.8      41.7                                
      2613      39.3      41.1                                
      2624      38.9      40.5                                
      2635      38.6      39.9                                
      2645      38.3      39.4                                
      2655      38.1      38.8                                
      2665      38.0      38.2                                
      2675      38.0      38.0                                
      2686      38.1      37.8                                
      2697      38.3      37.6                                
      2709      38.5      37.5                                
      2720      38.9      37.6                                
      2731      39.3      37.8                                
      2741      39.7      38.0                                
      2751      40.0      38.2                                
      2761      40.5      38.8                                
      2771      40.9      39.4                                
      2782      41.3      40.0                                
      2793      41.6      40.6                                
      2804      41.8      41.1                                
      2815      41.9      41.5                                
      2826      42.0      41.7                                
      2836      41.9      41.9                                
      2846      41.8      42.2                                
      2856      41.6      42.5                                
      2866      41.2      42.5                                
      2877      40.8      42.4                                
      2888      40.4      42.1                                
      2899      40.0      41.7                                
      2910      39.5      41.3                                
      2921      39.1      40.7                                
      2932      38.7      40.0                                
      2943      38.4      39.4                                
      2954      38.1      38.9                                
      2965      38.0      38.3                                
      2976      38.0      38.0                                
      2987      38.1      37.8                                
      2998      38.3      37.6                                
