     Temps  Consigne  Position  Commande   Courant  Vit. Axe    Moteur
        ms    degrés    degrés     Volts        mA     rad/s     rad/s
         0      41.7      41.7                                
        10      40.0      41.7                                
        20      41.9      41.7                                
        30      40.8      41.4                                
        40      38.3      40.9                                
        50      38.6      40.9                                
        60      40.0      40.4                                
        71      41.9      39.7                                
        81      41.2      39.3                                
        91      39.1      39.4                                
       101      38.1      39.8                                
       111      40.0      39.8                                
       122      41.9      39.5                                
       133      40.7      39.2                                
       144      38.3      39.8                                
       155      38.7      40.2                                
       166      40.0      40.1                                
       176      41.8      39.7                                
       186      41.6      39.5                                
       196      39.6      39.7                                
       206      38.0      40.4                                
       216      39.7      40.4                                
       226      40.0      39.9                                
       237      41.9      39.5                                
       248      40.7      39.5                                
       258      38.6      39.7                                
       268      38.3      40.2                                
       279      40.0      40.2                                
       290      41.9      39.8                                
       300      41.2      39.5                                
       310      39.1      39.7                                
       320      38.0      40.2                                
       330      39.1      40.4                                
       340      40.0      39.8                                
       350      41.9      39.4                                
       360      40.7      39.4                                
       370      38.3      39.7                                
       381      38.7      40.3                                
       392      40.0      40.1                                
       403      41.9      39.7                                
       414      40.7      39.5                                
       425      38.3      39.9                                
       436      38.7      40.4                                
       447      40.0      40.2                                
       459      41.9      39.7                                
       470      40.7      39.5                                
       481      38.3      39.9                                
       492      38.7      40.3                                
