Temps(s)	d1(m)	en rad	en deg	en pas	deplacement	pas arrondi	sens
0	-0,00965	-1,93	-110,5808545	-61,43380803	-61,43380803	61	0
0,005	-0,008835	-1,767	-101,2416424	-56,24535689	5,188451145	5	1
0,01	-0,008025	-1,605	-91,95972612	-51,08873673	5,156620156	5	1
0,015	-0,007222	-1,4444	-82,75802393	-45,97667996	5,112056772	5	1
0,02	-0,006427	-1,2854	-73,64799499	-40,91555277	5,06112719	5	1
0,025	-0,005639	-1,1278	-64,61818013	-35,89898896	5,016563806	5	1
0,03	-0,00486	-0,972	-55,69149769	-30,93972094	4,959268027	5	1
0,035	-0,00409	-0,818	-46,86794764	-26,03774869	4,901972247	5	1
0,04	-0,00333	-0,666	-38,15898916	-21,19943842	4,83831027	5	1
0,045	-0,00258	-0,516	-29,56462223	-16,42479013	4,774648293	5	1
0,05	-0,001841	-0,3682	-21,09630602	-11,72017001	4,704620118	5	1
0,055	-0,001114	-0,2228	-12,76549968	-7,091944264	4,628225745	5	1
0,06	-0,000398	-0,0796	-4,560744049	-2,533746694	4,55819757	5	1
0,065	0,000304	0,0608	3,483583394	1,935324108	4,469070802	4	1
0,07	0,000994	0,1988	11,39040097	6,328000537	4,392676429	4	1
0,075	0,001671	0,3342	19,14824951	10,6379164	4,309915859	4	1
0,08	0,002333	0,4666	26,73421072	14,85233929	4,214422893	4	1
0,085	0,002981	0,5962	34,15974375	18,97763541	4,125296125	4	1
0,09	0,003614	0,7228	41,41338943	23,00743857	4,029803159	4	1
0,095	0,004232	0,8464	48,49514778	26,94174877	3,934310193	4	1
0,1	0,004835	0,967	55,40501879	30,78056599	3,838817227	4	1
0,105	0,005421	1,0842	62,12008415	34,51115786	3,730591866	4	1
0,11	0,005991	1,1982	68,65180301	38,13989056	3,628732702	4	1
0,115	0,006544	1,3088	74,98871623	41,6603979	3,520507341	4	1
0,12	0,00708	1,416	81,13082379	45,07267988	3,41228198	3	1
0,125	0,007599	1,5198	87,0781257	48,3767365	3,304056619	3	1
0,13	0,008099	1,6198	92,80770366	51,55983536	3,183098862	3	1
0,135	0,008582	1,7164	98,34247596	54,63470886	3,074873501	3	1
0,14	0,009046	1,8092	103,6595243	57,58862461	2,953915744	3	1
0,145	0,009492	1,8984	108,7703078	60,42794879	2,839324185	3	1
0,15	0,009919	1,9838	113,6633674	63,14631522	2,718366428	3	1
0,155	0,010326	2,0652	118,3272439	65,73735769	2,591042474	3	1
0,16	0,010715	2,143	122,7848555	68,21380861	2,476450915	2	1
0,165	0,011083	2,2166	127,0018249	70,55656937	2,342760762	2	1
0,17	0,011432	2,2864	131,0010703	72,77837238	2,221803006	2	1
0,175	0,011761	2,3522	134,7711326	74,87285143	2,094479051	2	1
0,18	0,012069	2,4138	138,3005526	76,83364033	1,960788899	2	1
0,185	0,012357	2,4714	141,6007895	78,66710527	1,833464944	2	1
0,19	0,012624	2,5248	144,6603841	80,36688006	1,699774792	2	1
0,195	0,012871	2,5742	147,4907956	81,9393309	1,572450838	2	1
0,2	0,013097	2,6194	150,0805649	83,37809159	1,438760686	1	1
0,205	0,013302	2,6604	152,4296918	84,68316212	1,305070533	1	1
0,21	0,013486	2,6972	154,5381765	85,8545425	1,171380381	1	1
0,215	0,013648	2,7296	156,3945598	86,88586653	1,031324031	1	1
0,22	0,013789	2,7578	158,0103007	87,78350041	0,897633879	1	1
0,225	0,013909	2,7818	159,3853994	88,54744414	0,763943727	1	1
0,23	0,014008	2,8016	160,5198559	89,17769771	0,630253575	1	1
0,235	0,014085	2,817	161,4022109	89,66789494	0,490197225	0	1
0,24	0,01414	2,828	162,0324645	90,01803581	0,350140875	0	1
0,245	0,014174	2,8348	162,4220758	90,23448654	0,216450723	0	1
0,25	0,014186	2,8372	162,5595856	90,31088091	0,076394373	0	1
0,255	0,014176	2,8352	162,4449941	90,24721893	-0,063661977	0	0
0,26	0,014145	2,829	162,0897602	90,0498668	-0,197352129	0	0
0,265	0,014093	2,8186	161,4938841	89,71882452	-0,331042282	0	0
0,27	0,014019	2,8038	160,6459066	89,24772589	-0,471098632	0	0
0,275	0,013923	2,7846	159,5458276	88,63657091	-0,611154981	1	0
0,28	0,013806	2,7612	158,2051064	87,89172577	-0,744845134	1	0
0,285	0,013667	2,7334	156,6122837	87,00682429	-0,884901484	1	0
0,29	0,013507	2,7014	154,7788188	85,98823265	-1,018591636	1	0
0,295	0,013326	2,6652	152,7047116	84,83595087	-1,152281788	1	0
0,3	0,013124	2,6248	150,3899621	83,54997893	-1,28597194	1	0
0,305	0,012901	2,5802	147,8345703	82,13031683	-1,419662092	1	0
0,31	0,012657	2,5314	145,0385363	80,57696459	-1,553352245	2	0
0,315	0,012392	2,4784	142,0018599	78,88992219	-1,687042397	2	0
0,32	0,012107	2,4214	138,7360005	77,07555584	-1,814366351	2	0
0,325	0,011801	2,3602	135,2294988	75,12749934	-1,948056503	2	0
0,33	0,011475	2,295	131,493814	73,05211888	-2,075380458	2	0
0,335	0,011129	2,2258	127,528946	70,84941447	-2,202704412	2	0
0,34	0,010763	2,1526	123,334895	68,5193861	-2,330028367	2	0
0,345	0,010377	2,0754	118,9116608	66,06203378	-2,457352321	2	0
0,35	0,009972	1,9944	114,2707027	63,4837237	-2,578310078	3	0
0,355	0,009547	1,9094	109,4005614	60,77808967	-2,705634033	3	0
0,36	0,009104	1,8208	104,3241553	57,95786408	-2,820225592	3	0
0,365	0,008642	1,7284	99,03002531	55,01668073	-2,941183348	3	0
0,37	0,008162	1,6324	93,52963048	51,96090582	-3,055774907	3	0
0,375	0,007663	1,5326	87,81151168	48,78417316	-3,176732664	3	0
0,38	0,007147	1,4294	81,89858724	45,49921513	-3,284958025	3	0
0,385	0,006613	1,3226	75,77939798	42,09966555	-3,399549584	3	0
0,39	0,006062	1,2124	69,46540308	38,5918906	-3,507774946	4	0
0,395	0,005494	1,0988	62,95660253	34,97589029	-3,616000307	4	0
0,4	0,00491	0,982	56,26445548	31,25803082	-3,717859471	4	0
0,405	0,00431	0,862	49,38896194	27,43831219	-3,819718634	4	0
0,41	0,003694	0,7388	42,3301219	23,51673439	-3,921577798	4	0
0,415	0,003062	0,6124	35,08793537	19,49329743	-4,023436961	4	0
0,42	0,002416	0,4832	27,68532066	15,3807337	-4,112563729	4	0
0,425	0,001756	0,3512	20,12227776	11,1790432	-4,201690498	4	0
0,43	0,001081	0,2162	12,38734753	6,881859739	-4,297183463	4	0
0,435	0,000393	0,0786	4,50344827	2,501915705	-4,379944034	4	0
0,44	-0,000308	-0,0616	-3,529420018	-1,960788899	-4,462704604	4	0
0,445	-0,001022	-0,2044	-11,71125733	-6,506254074	-4,545465175	5	0
0,45	-0,001748	-0,3496	-20,03060452	-11,12811362	-4,621859547	5	0
0,455	-0,002485	-0,497	-28,47600242	-15,82000134	-4,691887722	5	0
0,46	-0,003234	-0,6468	-37,05891019	-20,58828344	-4,768282095	5	0
0,465	-0,003993	-0,7986	-45,75640952	-25,42022751	-4,831944072	5	0
0,47	-0,004761	-0,9522	-54,55704125	-30,30946736	-4,889239852	5	0
0,475	-0,005539	-1,1078	-63,47226454	-35,26236919	-4,952901829	5	0
0,48	-0,006326	-1,2652	-72,49062024	-40,2725668	-5,010197609	5	0
0,485	-0,007121	-1,4242	-81,60064918	-45,33369399	-5,06112719	5	0
0,49	-0,007923	-1,5846	-90,79089222	-50,43938456	-5,105690574	5	0
0,495	-0,008732	-1,7464	-100,0613493	-55,58963852	-5,150253958	5	0
0,5	-0,009546	-1,9092	-109,3891022	-60,77172347	-5,182084947	5	0
0,505	-0,010367	-2,0734	-118,7970692	-65,9983718	-5,226648331	5	0
0,51	-0,011192	-2,2384	-128,2508729	-71,25048492	-5,252113122	5	0
0,515	-0,01202	-2,404	-137,7390539	-76,52169664	-5,271211715	5	0
0,52	-0,012853	-2,5706	-147,2845308	-81,82473934	-5,303042704	5	0
0,525	-0,013687	-2,7374	-156,8414668	-87,13414824	-5,309408902	5	0
0,53	-0,014523	-2,9046	-166,4213212	-92,45628954	-5,322141297	5	0
0,535	-0,01536	-3,072	-176,0126347	-97,78479704	-5,328507495	5	0
0,54	-0,016197	-3,2394	-185,6039482	-103,1133045	-5,328507495	5	0
0,545	-0,017033	-3,4066	-195,1838025	-108,4354458	-5,322141297	5	0
0,55	-0,017868	-3,5736	-204,7521977	-113,7512209	-5,315775099	5	0
0,555	-0,0187	-3,74	-214,2862154	-119,0478974	-5,296676506	5	0
0,56	-0,019529	-3,9058	-223,7858556	-124,3254753	-5,277577913	5	0
0,565	-0,020353	-4,0706	-233,2282001	-129,5712223	-5,245746924	5	0
0,57	-0,021172	-4,2344	-242,6132488	-134,7851382	-5,213915936	5	0
0,575	-0,021985	-4,397	-251,9295425	-139,960857	-5,175718749	5	0
0,58	-0,022791	-4,5582	-261,1656222	-145,0920123	-5,131155365	5	0
0,585	-0,023589	-4,7178	-270,3100286	-150,1722381	-5,080225783	5	0
0,59	-0,024378	-4,8756	-279,3513026	-155,1951681	-5,022930004	5	0
0,595	-0,025156	-5,0312	-288,2665259	-160,1480699	-4,952901829	5	0
0,6	-0,025924	-5,1848	-297,0671576	-165,0373098	-4,889239852	5	0
0,605	-0,02668	-5,336	-305,7302795	-169,8501553	-4,812845479	5	0
0,61	-0,027423	-5,4846	-314,2444323	-174,5802402	-4,730084909	5	0
0,615	-0,028152	-5,6304	-322,598157	-179,2211983	-4,640958141	5	0
0,62	-0,028865	-5,773	-330,7685351	-183,7602973	-4,539098977	5	0
0,625	-0,029563	-5,9126	-338,7670259	-188,2039033	-4,443606011	4	0
0,63	-0,030244	-6,0488	-346,5707111	-192,539284	-4,33538065	4	0
0,635	-0,030906	-6,1812	-354,1566723	-196,7537068	-4,214422893	4	0
0,64	-0,03155	-6,31	-361,5363687	-200,8535382	-4,099831334	4	0
0,645	-0,032173	-6,4346	-368,6754229	-204,8196794	-3,966141182	4	0
0,65	-0,032775	-6,555	-375,5738347	-208,6521304	-3,83245103	4	0
0,655	-0,033356	-6,6712	-382,2316043	-212,3508913	-3,698760877	4	0
0,66	-0,033913	-6,7826	-388,6143541	-215,8968634	-3,545972132	4	0
0,665	-0,034446	-6,8892	-394,7220842	-219,2900468	-3,393183387	3	0
0,67	-0,034955	-6,991	-400,5547946	-222,5304414	-3,240394641	3	0
0,675	-0,035437	-7,0874	-406,0781077	-225,5989487	-3,068507303	3	0
0,68	-0,035893	-7,1786	-411,3034828	-228,5019349	-2,902986162	3	0
0,685	-0,036322	-7,2644	-416,2194607	-231,2330337	-2,731098823	3	0
0,69	-0,036723	-7,3446	-420,8145822	-233,785879	-2,552845287	3	0
0,695	-0,037094	-7,4188	-425,0659291	-236,1477384	-2,361859355	2	0
0,7	-0,037436	-7,4872	-428,9849604	-238,324978	-2,177239621	2	0
0,705	-0,037748	-7,5496	-432,560217	-240,3112317	-1,98625369	2	0
0,71	-0,038029	-7,6058	-435,7802398	-242,1001332	-1,78890156	2	0
0,715	-0,038278	-7,6556	-438,6335696	-243,6853165	-1,585183233	2	0
0,72	-0,038495	-7,699	-441,1202065	-245,0667814	-1,381464906	1	0
0,725	-0,03868	-7,736	-443,2401503	-246,244528	-1,177746579	1	0
0,73	-0,038833	-7,7666	-444,9934012	-247,2185562	-0,974028252	1	0
0,735	-0,038952	-7,7904	-446,3570407	-247,9761337	-0,757577529	1	0
0,74	-0,039038	-7,8076	-447,3425281	-248,5236267	-0,547493004	1	0
0,745	-0,03909	-7,818	-447,9384042	-248,854669	-0,331042282	0	0
0,75	-0,039109	-7,8218	-448,1561282	-248,9756268	-0,120957757	0	0
0,755	-0,039095	-7,819	-447,9957	-248,8865	0,089126768	0	1
0,76	-0,039046	-7,8092	-447,4342014	-248,5745563	0,311943688	0	1
0,765	-0,038965	-7,793	-446,5060097	-248,0588943	0,515662016	1	1
0,77	-0,03885	-7,77	-445,1882068	-247,3267816	0,732112738	1	1
0,775	-0,038701	-7,7402	-443,4807926	-246,3782181	0,948563461	1	1
0,78	-0,038521	-7,7042	-441,4181445	-245,2323025	1,14591559	1	1
0,785	-0,038307	-7,6614	-438,9658852	-243,8699362	1,362366313	1	1
0,79	-0,038062	-7,6124	-436,158392	-242,3102178	1,559718442	2	1
0,795	-0,037785	-7,557	-432,9842058	-240,546781	1,763436769	2	1
0,8	-0,037478	-7,4956	-429,4662449	-238,5923583	1,954422701	2	1
0,805	-0,037139	-7,4278	-425,5815911	-236,4342173	2,158141028	2	1
0,81	-0,036772	-7,3544	-421,3760809	-234,0978227	2,336394565	2	1
0,815	-0,036375	-7,275	-416,826796	-231,5704422	2,527380496	3	1
0,82	-0,035949	-7,1898	-411,9451955	-228,858442	2,71200023	3	1
0,825	-0,035497	-7,0994	-406,7656571	-225,9809206	2,877521371	3	1
0,83	-0,035017	-7,0034	-401,2652622	-222,9251457	3,055774907	3	1
0,835	-0,034512	-6,9024	-395,4783885	-219,7102158	3,21492985	3	1
0,84	-0,033982	-6,7964	-389,4050359	-216,336131	3,374084794	3	1
0,845	-0,033428	-6,6856	-383,0566635	-212,8092575	3,526873539	4	1
0,85	-0,03285	-6,57	-376,4332714	-209,1295952	3,679662284	4	1
0,855	-0,032251	-6,4502	-369,569237	-205,3162428	3,813352436	4	1
0,86	-0,03163	-6,326	-362,4531012	-201,362834	3,953408786	4	1
0,865	-0,030989	-6,1978	-355,1077823	-197,2821013	4,080732741	4	1
0,87	-0,030329	-6,0658	-347,5447394	-193,0804108	4,201690498	4	1
0,875	-0,029651	-5,9302	-339,7754317	-188,7641287	4,316282057	4	1
0,88	-0,028955	-5,791	-331,7998592	-184,3332551	4,430873616	4	1
0,885	-0,028243	-5,6486	-323,6409402	-179,8005223	4,532732779	5	1
0,89	-0,027516	-5,5032	-315,3101338	-175,1722966	4,628225745	5	1
0,895	-0,026775	-5,355	-306,8188993	-170,4549441	4,717352513	5	1
0,9	-0,026021	-5,2042	-298,1786957	-165,654831	4,800113084	5	1
0,905	-0,025255	-5,051	-289,4009823	-160,7783235	4,876507456	5	1
0,91	-0,024477	-4,8954	-280,485759	-155,8254217	4,952901829	5	1
0,915	-0,02369	-4,738	-271,4674033	-150,8152241	5,010197609	5	1
0,92	-0,022893	-4,5786	-262,3344561	-145,7413645	5,073859586	5	1
0,925	-0,022088	-4,4176	-253,1098356	-140,6165753	5,124789168	5	1
0,93	-0,021276	-4,2552	-243,805001	-135,4472228	5,169352552	5	1
0,935	-0,020458	-4,0916	-234,4314115	-130,239673	5,207549738	5	1
0,94	-0,019634	-3,9268	-224,989067	-124,9939261	5,245746924	5	1
0,945	-0,018806	-3,7612	-215,5008859	-119,7227144	5,271211715	5	1
0,95	-0,017974	-3,5948	-205,9668682	-114,4260379	5,296676506	5	1
0,955	-0,01714	-3,428	-196,4099322	-109,116629	5,309408902	5	1
0,96	-0,016304	-3,2608	-186,8300778	-103,7944877	5,322141297	5	1
0,965	-0,015467	-3,0934	-177,2387643	-98,46598019	5,328507495	5	1
0,97	-0,01463	-2,926	-167,6474509	-93,1374727	5,328507495	5	1
0,975	-0,013793	-2,7586	-158,0561374	-87,8089652	5,328507495	5	1
0,98	-0,012959	-2,5918	-148,4992013	-82,4995563	5,309408902	5	1
0,985	-0,012126	-2,4252	-138,9537245	-77,1965136	5,303042704	5	1
0,99	-0,011297	-2,2594	-129,4540842	-71,91893568	5,277577913	5	1
0,995	-0,010471	-2,0942	-119,9888215	-66,66045636	5,25847932	5	1
1	-0,009651	-1,9302	-110,5923136	-61,44017423	5,220282133	5	1
